0.1	0
0.2	0.0272
0.3	0.136
0.4	0.2992
0.5	0.0816
0.6	0.136
0.7	0.136
0.8	0.2176
0.9	0.1632
1	0.1904
1.1	0.1632
1.2	0.0544
1.3	0.272
1.4	0.0816
1.5	0.0544
1.6	0.0272
1.7	0
1.8	0.1632
1.9	0.0544
2	0.0544
2.1	0.1088
2.2	0.0816
2.3	0
2.4	0
2.5	0.1088
2.6	0.1088
2.7	0.1088
2.8	0
2.9	0.0544
3	0.1632
3.1	0.0272
3.2	0.0544
3.3	0.0816
3.4	0.0544
3.5	0.0544
3.6	0.0816
3.7	0.1088
3.8	0.2176
3.9	0.136
4	0.1088
4.1	0.136
4.2	0.1632
4.3	0.1904
4.4	0.1632
4.5	0.1632
4.6	0.1088
4.7	0
4.8	0.3264
4.9	0.0816
5	0.0544
