0.1	0
0.2	0
0.2	0
0.3	0
0.3	0
0.3	0
0.4	0
0.4	0
0.4	0
0.4	0
0.5	0
0.5	0
0.5	0
0.5	0
0.5	0
0.6	0
0.6	0
0.6	0
0.6	0
0.6	0
0.6	0
0.7	0
0.7	0
0.7	0
0.7	0
0.7	0
0.7	0
0.7	0
0.8	0
0.8	0
0.8	0
0.8	0
0.8	0
0.8	0
0.8	0
0.8	0
0.9	0
0.9	0
0.9	0
0.9	0
0.9	0
0.9	0
0.9	0
0.9	0
0.9	0
1	0
1	0
1	0
1	0
1	0
1	0
1	0
1	0
1	0
1	0
1.1	0.272
1.1	0
1.1	0
1.1	0
1.1	0
1.1	0
1.1	0
1.1	0
1.1	0
1.1	0
1.2	0.3808
1.2	0
1.2	0
1.2	0
1.2	0
1.2	0
1.2	0
1.2	0
1.2	0
1.2	0
1.3	0.2176
1.3	0
1.3	0
1.3	0
1.3	0
1.3	0
1.3	0
1.3	0
1.3	0
1.3	0
1.4	0.408
1.4	0
1.4	0
1.4	0
1.4	0
1.4	0
1.4	0
1.4	0
1.4	0
1.4	0
1.5	0.5712
1.5	0
1.5	0
1.5	0
1.5	0
1.5	0
1.5	0
1.5	0
1.5	0
1.5	0
1.6	0.2992
1.6	0
1.6	0
1.6	0
1.6	0
1.6	0
1.6	0
1.6	0
1.6	0
1.6	0
1.7	0.3808
1.7	0
1.7	0
1.7	0
1.7	0
1.7	0
1.7	0
1.7	0
1.7	0
1.7	0
1.8	0.4352
1.8	0
1.8	0
1.8	0
1.8	0
1.8	0
1.8	0
1.8	0
1.8	0
1.8	0
1.9	0.408
1.9	0
1.9	0
1.9	0
1.9	0
1.9	0
1.9	0
1.9	0
1.9	0
1.9	0
2	0.3264
2	0
2	0
2	0
2	0
2	0
2	0
2	0
2	0
2	0
2.1	0.3536
2.1	0
2.1	0
2.1	0
2.1	0
2.1	0
2.1	0
2.1	0
2.1	0
2.1	0
2.2	0.3808
2.2	0
2.2	0
2.2	0
2.2	0
2.2	0
2.2	0
2.2	0
2.2	0
2.2	0
2.3	0.408
2.3	0
2.3	0
2.3	0
2.3	0
2.3	0
2.3	0
2.3	0
2.3	0
2.3	0
2.4	0.3808
2.4	0
2.4	0
2.4	0
2.4	0
2.4	0
2.4	0
2.4	0
2.4	0
2.4	0
2.5	0.3808
2.5	0
2.5	0
2.5	0
2.5	0
2.5	0
2.5	0
2.5	0
2.5	0
2.5	0
2.6	0.408
2.6	0
2.6	0
2.6	0
2.6	0
2.6	0
2.6	0
2.6	0
2.6	0
2.6	0
2.7	0.4352
2.7	0
2.7	0
2.7	0
2.7	0
2.7	0
2.7	0
2.7	0
2.7	0
2.7	0
2.8	0.4624
2.8	0
2.8	0
2.8	0
2.8	0
2.8	0
2.8	0
2.8	0
2.8	0
2.8	0
2.9	0.4896
2.9	0
2.9	0
2.9	0
2.9	0
2.9	0
2.9	0
2.9	0
2.9	0
2.9	0
3	0.5712
3	0
3	0
3	0
3	0
3	0
3	0
3	0
3	0
3	0
3.1	0.2176
3.1	0
3.1	0
3.1	0
3.1	0
3.1	0
3.1	0
3.1	0
3.1	0
3.1	0
3.2	0.6256
3.2	0
3.2	0
3.2	0
3.2	0
3.2	0
3.2	0
3.2	0
3.2	0
3.2	0
3.3	0.3264
3.3	0
3.3	0
3.3	0
3.3	0
3.3	0
3.3	0
3.3	0
3.3	0
3.3	0
3.4	0.272
3.4	0
3.4	0
3.4	0
3.4	0
3.4	0
3.4	0
3.4	0
3.4	0
3.4	0
3.5	0.2176
3.5	0
3.5	0
3.5	0
3.5	0
3.5	0
3.5	0
3.5	0
3.5	0
3.5	0
3.6	0.2176
3.6	0
3.6	0
3.6	0
3.6	0
3.6	0
3.6	0
3.6	0
3.6	0
3.6	0
3.7	0.2448
3.7	0
3.7	0
3.7	0
3.7	0
3.7	0
3.7	0
3.7	0
3.7	0
3.7	0
3.8	0.272
3.8	0
3.8	0
3.8	0
3.8	0
3.8	0
3.8	0
3.8	0
3.8	0
3.8	0
3.9	0.2992
3.9	0
3.9	0
3.9	0
3.9	0
3.9	0
3.9	0
3.9	0
3.9	0
3.9	0
4	0.272
4	0
4	0
4	0
4	0
4	0
4	0
4	0
4	0
4	0
4.1	0.2992
4.1	0
4.1	0
4.1	0
4.1	0
4.1	0
4.1	0
4.1	0
4.1	0
4.1	0
4.2	0.3264
4.2	0
4.2	0
4.2	0
4.2	0
4.2	0
4.2	0
4.2	0
4.2	0
4.2	0
4.3	0.3536
4.3	0
4.3	0
4.3	0
4.3	0
4.3	0
4.3	0
4.3	0
4.3	0
4.3	0
4.4	0.3264
4.4	0
4.4	0
4.4	0
4.4	0
4.4	0
4.4	0
4.4	0
4.4	0
4.4	0
4.5	0.408
4.5	0
4.5	0
4.5	0
4.5	0
4.5	0
4.5	0
4.5	0
4.5	0
4.5	0
4.6	0.4896
4.6	0
4.6	0
4.6	0
4.6	0
4.6	0
4.6	0
4.6	0
4.6	0
4.6	0
4.7	0.4624
4.7	0
4.7	0
4.7	0
4.7	0
4.7	0
4.7	0
4.7	0
4.7	0
4.7	0
4.8	0.1632
4.8	0
4.8	0
4.8	0
4.8	0
4.8	0
4.8	0
4.8	0
4.8	0
4.8	0
4.9	0.4624
4.9	0
4.9	0
4.9	0
4.9	0
4.9	0
4.9	0
4.9	0
4.9	0
4.9	0
5	0.1632
5	0
5	0
5	0
5	0
5	0
5	0
5	0
5	0
5	0
5.1	0.1904
5.1	0
5.1	0
5.1	0
5.1	0
5.1	0
5.1	0
5.1	0
5.1	0
5.1	0
5.2	0.1632
5.2	0
5.2	0
5.2	0
5.2	0
5.2	0
5.2	0
5.2	0
5.2	0
5.2	0
5.3	0.1632
5.3	0
5.3	0
5.3	0
5.3	0
5.3	0
5.3	0
5.3	0
5.3	0
5.3	0
5.4	0.1904
5.4	0
5.4	0
5.4	0
5.4	0
5.4	0
5.4	0
5.4	0
5.4	0
5.4	0
5.5	0.2176
5.5	0
5.5	0
5.5	0
5.5	0
5.5	0
5.5	0
5.5	0
5.5	0
5.5	0
5.6	0.2448
5.6	0
5.6	0
5.6	0
5.6	0
5.6	0
5.6	0
5.6	0
5.6	0
5.6	0
5.7	0.2176
5.7	0
5.7	0
5.7	0
5.7	0
5.7	0
5.7	0
5.7	0
5.7	0
5.7	0
5.8	0.3264
5.8	0
5.8	0
5.8	0
5.8	0
5.8	0
5.8	0
5.8	0
5.8	0
5.8	0
5.9	0.3808
5.9	0
5.9	0
5.9	0
5.9	0
5.9	0
5.9	0
5.9	0
5.9	0
5.9	0
6	0.3808
6	0
6	0
6	0
6	0
6	0
6	0
6	0
6	0
6	0
6.1	0.272
6.1	0
6.1	0
6.1	0
6.1	0
6.1	0
6.1	0
6.1	0
6.1	0
6.1	0
6.2	0.2992
6.2	0
6.2	0
6.2	0
6.2	0
6.2	0
6.2	0
6.2	0
6.2	0
6.2	0
6.3	0.3264
6.3	0
6.3	0
6.3	0
6.3	0
6.3	0
6.3	0
6.3	0
6.3	0
6.3	0
6.4	0.2992
6.4	0
6.4	0
6.4	0
6.4	0
6.4	0
6.4	0
6.4	0
6.4	0
6.4	0
6.5	0.3264
6.5	0
6.5	0
6.5	0
6.5	0
6.5	0
6.5	0
6.5	0
6.5	0
6.5	0
6.6	0.3264
6.6	0
6.6	0
6.6	0
6.6	0
6.6	0
6.6	0
6.6	0
6.6	0
6.6	0
6.7	0.3536
6.7	0
6.7	0
6.7	0
6.7	0
6.7	0
6.7	0
6.7	0
6.7	0
6.7	0
6.8	0.3808
6.8	0
6.8	0
6.8	0
6.8	0
6.8	0
6.8	0
6.8	0
6.8	0
6.8	0
6.9	0.408
6.9	0
6.9	0
6.9	0
6.9	0
6.9	0
6.9	0
6.9	0
6.9	0
6.9	0
7	0.3808
7	0
7	0
7	0
7	0
7	0
7	0
7	0
7	0
7	0
7.1	0.0272
7.1	0
7.1	0
7.1	0
7.1	0
7.1	0
7.1	0
7.1	0
7.1	0
7.1	0
7.2	0.68
7.2	0
7.2	0
7.2	0
7.2	0
7.2	0
7.2	0
7.2	0
7.2	0
7.2	0
7.3	0.1632
7.3	0
7.3	0
7.3	0
7.3	0
7.3	0
7.3	0
7.3	0
7.3	0
7.3	0
7.4	0.2176
7.4	0
7.4	0
7.4	0
7.4	0
7.4	0
7.4	0
7.4	0
7.4	0
7.4	0
7.5	0
7.5	0
7.5	0
7.5	0
7.5	0
7.5	0
7.5	0
7.5	0
7.5	0
7.5	0
7.6	0.272
7.6	0
7.6	0
7.6	0
7.6	0
7.6	0
7.6	0
7.6	0
7.6	0
7.6	0
7.7	0.0816
7.7	0
7.7	0
7.7	0
7.7	0
7.7	0
7.7	0
7.7	0
7.7	0
7.7	0
7.8	0.0544
7.8	0
7.8	0
7.8	0
7.8	0
7.8	0
7.8	0
7.8	0
7.8	0
7.8	0
7.9	0.0544
7.9	0
7.9	0
7.9	0
7.9	0
7.9	0
7.9	0
7.9	0
7.9	0
7.9	0
8	0.0816
8	0
8	0
8	0
8	0
8	0
8	0
8	0
8	0
8	0
8.1	0.1088
8.1	0
8.1	0
8.1	0
8.1	0
8.1	0
8.1	0
8.1	0
8.1	0
8.1	0
8.2	0.136
8.2	0
8.2	0
8.2	0
8.2	0
8.2	0
8.2	0
8.2	0
8.2	0
8.2	0
8.3	0.1088
8.3	0
8.3	0
8.3	0
8.3	0
8.3	0
8.3	0
8.3	0
8.3	0
8.3	0
8.4	0.1904
8.4	0
8.4	0
8.4	0
8.4	0
8.4	0
8.4	0
8.4	0
8.4	0
8.4	0
8.5	0.2176
8.5	0
8.5	0
8.5	0
8.5	0
8.5	0
8.5	0
8.5	0
8.5	0
8.5	0
8.6	0.1904
8.6	0
8.6	0
8.6	0
8.6	0
8.6	0
8.6	0
8.6	0
8.6	0
8.6	0
8.7	0.1632
8.7	0
8.7	0
8.7	0
8.7	0
8.7	0
8.7	0
8.7	0
8.7	0
8.7	0
8.8	0.1632
8.8	0
8.8	0
8.8	0
8.8	0
8.8	0
8.8	0
8.8	0
8.8	0
8.8	0
8.9	0.1904
8.9	0
8.9	0
8.9	0
8.9	0
8.9	0
8.9	0
8.9	0
8.9	0
8.9	0
9	0.2176
9	0
9	0
9	0
9	0
9	0
9	0
9	0
9	0
9	0
9.1	0.2448
9.1	0
9.1	0
9.1	0
9.1	0
9.1	0
9.1	0
9.1	0
9.1	0
9.1	0
9.2	0.2176
9.2	0
9.2	0
9.2	0
9.2	0
9.2	0
9.2	0
9.2	0
9.2	0
9.2	0
9.3	0.2176
9.3	0
9.3	0
9.3	0
9.3	0
9.3	0
9.3	0
9.3	0
9.3	0
9.3	0
9.4	0.2448
9.4	0
9.4	0
9.4	0
9.4	0
9.4	0
9.4	0
9.4	0
9.4	0
9.4	0
9.5	0.272
9.5	0
9.5	0
9.5	0
9.5	0
9.5	0
9.5	0
9.5	0
9.5	0
9.5	0
9.6	0.2992
9.6	0
9.6	0
9.6	0
9.6	0
9.6	0
9.6	0
9.6	0
9.6	0
9.6	0
9.7	0.3536
9.7	0
9.7	0
9.7	0
9.7	0
9.7	0
9.7	0
9.7	0
9.7	0
9.7	0
9.8	0.4352
9.8	0
9.8	0
9.8	0
9.8	0
9.8	0
9.8	0
9.8	0
9.8	0
9.8	0
9.9	0.0272
9.9	0
9.9	0
9.9	0
9.9	0
9.9	0
9.9	0
9.9	0
9.9	0
9.9	0
10	0.4896
10	0
10	0
10	0
10	0
10	0
10	0
10	0
10	0
10	0
