0.1	0
0.2	0
0.2	0
0.3	0
0.3	0
0.3	0
0.4	0
0.4	0
0.4	0
0.4	0
0.5	0
0.5	0
0.5	0
0.5	0
0.5	0
0.6	0
0.6	0
0.6	0
0.6	0
0.6	0
0.6	0
0.7	0
0.7	0
0.7	0
0.7	0
0.7	0
0.7	0
0.7	0
0.8	0
0.8	0
0.8	0
0.8	0
0.8	0
0.8	0
0.8	0
0.8	0
0.9	0
0.9	0
0.9	0
0.9	0
0.9	0
0.9	0
0.9	0
0.9	0
0.9	0
1	0
1	0
1	0
1	0
1	0
1	0
1	0
1	0
1	0
1	0
1.1	0.272
1.1	0
1.1	0
1.1	0
1.1	0
1.1	0
1.1	0
1.1	0
1.1	0
1.1	0
1.2	0.3808
1.2	0
1.2	0
1.2	0
1.2	0
1.2	0
1.2	0
1.2	0
1.2	0
1.2	0
1.3	0.5712
1.3	0
1.3	0
1.3	0
1.3	0
1.3	0
1.3	0
1.3	0
1.3	0
1.3	0
1.4	0.8704
1.4	0
1.4	0
1.4	0
1.4	0
1.4	0
1.4	0
1.4	0
1.4	0
1.4	0
1.5	1.3056
1.5	0
1.5	0
1.5	0
1.5	0
1.5	0
1.5	0
1.5	0
1.5	0
1.5	0
1.6	1.7136
1.6	0
1.6	0
1.6	0
1.6	0
1.6	0
1.6	0
1.6	0
1.6	0
1.6	0
1.7	1.7136
1.7	0
1.7	0
1.7	0
1.7	0
1.7	0
1.7	0
1.7	0
1.7	0
1.7	0
1.8	1.7408
1.8	0
1.8	0
1.8	0
1.8	0
1.8	0
1.8	0
1.8	0
1.8	0
1.8	0
1.9	0.5168
1.9	0
1.9	0
1.9	0
1.9	0
1.9	0
1.9	0
1.9	0
1.9	0
1.9	0
2	0
2	0
2	0
2	0
2	0
2	0
2	0
2	0
2	0
2	0
2.1	0
2.1	0
2.1	0
2.1	0
2.1	0
2.1	0
2.1	0
2.1	0
2.1	0
2.1	0
2.2	4.9232
2.2	0
2.2	0
2.2	0
2.2	0
2.2	0
2.2	0
2.2	0
2.2	0
2.2	0
2.3	1.496
2.3	0
2.3	0
2.3	0
2.3	0
2.3	0
2.3	0
2.3	0
2.3	0
2.3	0
2.4	0
2.4	0
2.4	0
2.4	0
2.4	0
2.4	0
2.4	0
2.4	0
2.4	0
2.4	0
2.5	0
2.5	0
2.5	0
2.5	0
2.5	0
2.5	0
2.5	0
2.5	0
2.5	0
2.5	0
2.6	4.8144
2.6	0
2.6	0
2.6	0
2.6	0
2.6	0
2.6	0
2.6	0
2.6	0
2.6	0
2.7	1.7136
2.7	0
2.7	0
2.7	0
2.7	0
2.7	0
2.7	0
2.7	0
2.7	0
2.7	0
2.8	1.7408
2.8	0
2.8	0
2.8	0
2.8	0
2.8	0
2.8	0
2.8	0
2.8	0
2.8	0
2.9	0.2448
2.9	0
2.9	0
2.9	0
2.9	0
2.9	0
2.9	0
2.9	0
2.9	0
2.9	0
3	0
3	0
3	0
3	0
3	0
3	0
3	0
3	0
3	0
3	0
3.1	0
3.1	0
3.1	0
3.1	0
3.1	0
3.1	0
3.1	0
3.1	0
3.1	0
3.1	0
3.2	0
3.2	0
3.2	0
3.2	0
3.2	0
3.2	0
3.2	0
3.2	0
3.2	0
3.2	0
3.3	0
3.3	0
3.3	0
3.3	0
3.3	0
3.3	0
3.3	0
3.3	0
3.3	0
3.3	0
3.4	0
3.4	0
3.4	0
3.4	0
3.4	0
3.4	0
3.4	0
3.4	0
3.4	0
3.4	0
3.5	0
3.5	0
3.5	0
3.5	0
3.5	0
3.5	0
3.5	0
3.5	0
3.5	0
3.5	0
3.6	0
3.6	0
3.6	0
3.6	0
3.6	0
3.6	0
3.6	0
3.6	0
3.6	0
3.6	0
3.7	0.0272
3.7	0
3.7	0
3.7	0
3.7	0
3.7	0
3.7	0
3.7	0
3.7	0
3.7	0
3.8	0.0544
3.8	0
3.8	0
3.8	0
3.8	0
3.8	0
3.8	0
3.8	0
3.8	0
3.8	0
3.9	0.1088
3.9	0
3.9	0
3.9	0
3.9	0
3.9	0
3.9	0
3.9	0
3.9	0
3.9	0
4	0.2176
4	0
4	0
4	0
4	0
4	0
4	0
4	0
4	0
4	0
4.1	0.4352
4.1	0
4.1	0
4.1	0
4.1	0
4.1	0
4.1	0
4.1	0
4.1	0
4.1	0
4.2	0.8704
4.2	0
4.2	0
4.2	0
4.2	0
4.2	0
4.2	0
4.2	0
4.2	0
4.2	0
4.3	0.544
4.3	0
4.3	0
4.3	0
4.3	0
4.3	0
4.3	0
4.3	0
4.3	0
4.3	0
4.4	0
4.4	0
4.4	0
4.4	0
4.4	0
4.4	0
4.4	0
4.4	0
4.4	0
4.4	0
4.5	0
4.5	0
4.5	0
4.5	0
4.5	0
4.5	0
4.5	0
4.5	0
4.5	0
4.5	0
4.6	0
4.6	0
4.6	0
4.6	0
4.6	0
4.6	0
4.6	0
4.6	0
4.6	0
4.6	0
4.7	0
4.7	0
4.7	0
4.7	0
4.7	0
4.7	0
4.7	0
4.7	0
4.7	0
4.7	0
4.8	0
4.8	0
4.8	0
4.8	0
4.8	0
4.8	0
4.8	0
4.8	0
4.8	0
4.8	0
4.9	0
4.9	0
4.9	0
4.9	0
4.9	0
4.9	0
4.9	0
4.9	0
4.9	0
4.9	0
5	0
5	0
5	0
5	0
5	0
5	0
5	0
5	0
5	0
5	0
5.1	0
5.1	0
5.1	0
5.1	0
5.1	0
5.1	0
5.1	0
5.1	0
5.1	0
5.1	0
5.2	0
5.2	0
5.2	0
5.2	0
5.2	0
5.2	0
5.2	0
5.2	0
5.2	0
5.2	0
5.3	0
5.3	0
5.3	0
5.3	0
5.3	0
5.3	0
5.3	0
5.3	0
5.3	0
5.3	0
5.4	7.1536
5.4	0
5.4	0
5.4	0
5.4	0
5.4	0
5.4	0
5.4	0
5.4	0
5.4	0
5.5	0.0544
5.5	0
5.5	0
5.5	0
5.5	0
5.5	0
5.5	0
5.5	0
5.5	0
5.5	0
5.6	0.136
5.6	0
5.6	0
5.6	0
5.6	0
5.6	0
5.6	0
5.6	0
5.6	0
5.6	0
5.7	0.3536
5.7	0
5.7	0
5.7	0
5.7	0
5.7	0
5.7	0
5.7	0
5.7	0
5.7	0
5.8	0.5712
5.8	0
5.8	0
5.8	0
5.8	0
5.8	0
5.8	0
5.8	0
5.8	0
5.8	0
5.9	0.5168
5.9	0
5.9	0
5.9	0
5.9	0
5.9	0
5.9	0
5.9	0
5.9	0
5.9	0
6	0
6	0
6	0
6	0
6	0
6	0
6	0
6	0
6	0
6	0
6.1	0
6.1	0
6.1	0
6.1	0
6.1	0
6.1	0
6.1	0
6.1	0
6.1	0
6.1	0
6.2	0
6.2	0
6.2	0
6.2	0
6.2	0
6.2	0
6.2	0
6.2	0
6.2	0
6.2	0
6.3	0
6.3	0
6.3	0
6.3	0
6.3	0
6.3	0
6.3	0
6.3	0
6.3	0
6.3	0
6.4	0
6.4	0
6.4	0
6.4	0
6.4	0
6.4	0
6.4	0
6.4	0
6.4	0
6.4	0
6.5	0
6.5	0
6.5	0
6.5	0
6.5	0
6.5	0
6.5	0
6.5	0
6.5	0
6.5	0
6.6	0
6.6	0
6.6	0
6.6	0
6.6	0
6.6	0
6.6	0
6.6	0
6.6	0
6.6	0
6.7	0
6.7	0
6.7	0
6.7	0
6.7	0
6.7	0
6.7	0
6.7	0
6.7	0
6.7	0
6.8	0
6.8	0
6.8	0
6.8	0
6.8	0
6.8	0
6.8	0
6.8	0
6.8	0
6.8	0
6.9	0
6.9	0
6.9	0
6.9	0
6.9	0
6.9	0
6.9	0
6.9	0
6.9	0
6.9	0
7	1.3056
7	0
7	0
7	0
7	0
7	0
7	0
7	0
7	0
7	0
7.1	0.272
7.1	0
7.1	0
7.1	0
7.1	0
7.1	0
7.1	0
7.1	0
7.1	0
7.1	0
7.2	0.1632
7.2	0
7.2	0
7.2	0
7.2	0
7.2	0
7.2	0
7.2	0
7.2	0
7.2	0
7.3	1.36
7.3	0
7.3	0
7.3	0
7.3	0
7.3	0
7.3	0
7.3	0
7.3	0
7.3	0
7.4	0.952
7.4	0
7.4	0
7.4	0
7.4	0
7.4	0
7.4	0
7.4	0
7.4	0
7.4	0
7.5	0.8432
7.5	0
7.5	0
7.5	0
7.5	0
7.5	0
7.5	0
7.5	0
7.5	0
7.5	0
7.6	1.1968
7.6	0
7.6	0
7.6	0
7.6	0
7.6	0
7.6	0
7.6	0
7.6	0
7.6	0
7.7	1.2784
7.7	0
7.7	0
7.7	0
7.7	0
7.7	0
7.7	0
7.7	0
7.7	0
7.7	0
7.8	1.8496
7.8	0
7.8	0
7.8	0
7.8	0
7.8	0
7.8	0
7.8	0
7.8	0
7.8	0
7.9	1.496
7.9	0
7.9	0
7.9	0
7.9	0
7.9	0
7.9	0
7.9	0
7.9	0
7.9	0
8	1.496
8	0
8	0
8	0
8	0
8	0
8	0
8	0
8	0
8	0
8.1	1.496
8.1	0
8.1	0
8.1	0
8.1	0
8.1	0
8.1	0
8.1	0
8.1	0
8.1	0
8.2	0.0816
8.2	0
8.2	0
8.2	0
8.2	0
8.2	0
8.2	0
8.2	0
8.2	0
8.2	0
8.3	1.5776
8.3	0
8.3	0
8.3	0
8.3	0
8.3	0
8.3	0
8.3	0
8.3	0
8.3	0
8.4	2.8016
8.4	0
8.4	0
8.4	0
8.4	0
8.4	0
8.4	0
8.4	0
8.4	0
8.4	0
8.5	1.3872
8.5	0
8.5	0
8.5	0
8.5	0
8.5	0
8.5	0
8.5	0
8.5	0
8.5	0
8.6	0
8.6	0
8.6	0
8.6	0
8.6	0
8.6	0
8.6	0
8.6	0
8.6	0
8.6	0
8.7	0
8.7	0
8.7	0
8.7	0
8.7	0
8.7	0
8.7	0
8.7	0
8.7	0
8.7	0
8.8	0
8.8	0
8.8	0
8.8	0
8.8	0
8.8	0
8.8	0
8.8	0
8.8	0
8.8	0
8.9	2.9104
8.9	0
8.9	0
8.9	0
8.9	0
8.9	0
8.9	0
8.9	0
8.9	0
8.9	0
9	5.6576
9	0
9	0
9	0
9	0
9	0
9	0
9	0
9	0
9	0
9.1	1.5776
9.1	0
9.1	0
9.1	0
9.1	0
9.1	0
9.1	0
9.1	0
9.1	0
9.1	0
9.2	1.6048
9.2	0
9.2	0
9.2	0
9.2	0
9.2	0
9.2	0
9.2	0
9.2	0
9.2	0
9.3	1.5776
9.3	0
9.3	0
9.3	0
9.3	0
9.3	0
9.3	0
9.3	0
9.3	0
9.3	0
9.4	0.7616
9.4	0
9.4	0
9.4	0
9.4	0
9.4	0
9.4	0
9.4	0
9.4	0
9.4	0
9.5	2.4208
9.5	0
9.5	0
9.5	0
9.5	0
9.5	0
9.5	0
9.5	0
9.5	0
9.5	0
9.6	1.5776
9.6	0
9.6	0
9.6	0
9.6	0
9.6	0
9.6	0
9.6	0
9.6	0
9.6	0
9.7	1.5776
9.7	0
9.7	0
9.7	0
9.7	0
9.7	0
9.7	0
9.7	0
9.7	0
9.7	0
9.8	1.5776
9.8	0
9.8	0
9.8	0
9.8	0
9.8	0
9.8	0
9.8	0
9.8	0
9.8	0
9.9	1.088
9.9	0
9.9	0
9.9	0
9.9	0
9.9	0
9.9	0
9.9	0
9.9	0
9.9	0
10	2.0128
10	0
10	0
10	0
10	0
10	0
10	0
10	0
10	0
10	0
