0.0905768 0
0.0905768 4294967295
0.18279 4294967295
0.185942 4294967295
0.189094 4294967295
0.197013 1870
0.197013 1870
0.292297 1870
0.379778 1870
0.38293 1870
0.471948 1870
0.4751 1870
0.478252 1870
0.565694 1870
0.568846 1870
0.571998 1870
0.659441 1870
0.662593 1870
0.665745 1870
0.753187 1870
0.756339 1870
0.759491 1870
0.845358 1870
0.84851 1870
0.851662 1870
0.937528 1870
0.94068 1870
0.943832 1870
0.946984 1870
1.03127 1870
1.03443 1870
1.03758 1870
1.04073 1870
1.12502 1870
1.12817 1870
1.13132 1870
1.13448 1870
1.21719 1870
1.22034 1870
1.2235 1870
1.22665 1870
1.30936 1870
1.31251 1870
1.31567 1870
1.31882 1870
1.40153 1870
1.40468 1870
1.4126 1360
1.4126 1360
1.50635 1360
1.59541 1360
1.59856 1360
1.68915 1360
1.6923 1360
1.7829 1360
1.78605 1360
1.87507 1360
1.87822 1360
1.96724 1360
1.97039 1360
2.05941 1360
2.06256 1360
2.06571 1360
2.15316 1360
2.15631 1360
2.15946 1360
2.2469 1360
2.25005 1360
2.25321 1360
2.33907 1360
2.34222 1360
2.34538 1360
2.43124 1360
2.4344 1360
2.43755 1360
2.52341 1360
2.52657 1360
2.52972 1360
2.53287 1360
2.61716 1360
2.62031 1360
2.62346 1360
2.62662 1360
2.71091 1360
2.71406 1360
2.71721 1360
2.80469 1190
2.80469 1190
2.89686 1190
2.98749 1190
3.07966 1190
3.08282 1190
3.17341 1190
3.17656 1190
3.26716 1190
3.27031 1190
3.3609 1190
3.36406 1190
3.45307 1190
3.45623 1190
3.54524 1190
3.5484 1190
3.55155 1190
3.63899 1190
3.64214 1190
3.6453 1190
3.73274 1190
3.73589 1190
3.73904 1190
3.82648 1190
3.82964 1190
3.83279 1190
3.91865 1190
3.92181 1190
3.92496 1190
4.01082 1190
4.01398 1190
4.01713 1190
4.02028 1190
4.10457 1190
4.10772 1190
4.11088 1190
4.11403 1190
4.19832 1190
4.20147 1190
4.20462 1190
4.2921 1190
4.38427 1190
4.47491 1190
4.56708 1190
4.57023 1190
4.66082 1190
4.66397 1190
4.75457 1190
4.75772 1190
4.84832 1190
4.85147 1190
4.94049 1190
4.94364 1190
5.03266 1190
5.03581 1190
5.03896 1190
5.1264 1190
5.12955 1190
5.13271 1190
5.22015 1190
5.2233 1190
5.22645 1190
5.3139 1190
5.31705 1190
5.3202 1190
5.40607 1190
5.40922 1190
5.41237 1190
5.49824 1190
5.50139 1190
5.50454 1190
5.50769 1190
5.59198 1190
5.59513 1190
5.59829 1190
5.60144 1190
5.68573 1190
5.68888 1190
5.69203 1190
5.69518 1190
5.7779 1190
5.78105 1190
5.7842 1190
5.78736 1190
5.87007 1190
5.87322 1190
5.87637 1190
5.87953 1190
5.96224 1190
5.96539 1190
5.96854 1190
5.9717 1190
5.97485 1190
6.05599 1190
6.05914 1190
6.06229 1190
6.06544 1190
6.06859 1190
6.14973 1190
6.15288 1190
6.15604 1190
6.15919 1190
6.16234 1190
6.2419 1190
6.24506 1190
6.24821 1190
6.25136 1190
6.25451 1190
6.33407 1190
6.33723 1190
6.34038 1190
6.34353 1190
6.34668 1190
6.34983 1190
6.42782 1190
6.43097 1190
6.43412 1190
6.43728 1190
6.44043 1190
6.44358 1190
6.52157 1190
6.52472 1190
6.52787 1190
6.53102 1190
6.53417 1190
6.53733 1190
6.61374 1190
6.61689 1190
6.62004 1190
6.62319 1190
6.62634 1190
6.6295 1190
6.70591 1190
6.70906 1190
6.71221 1190
6.71536 1190
6.71852 1190
6.72167 1190
6.79808 1190
6.80123 1190
6.80438 1190
6.80753 1190
6.81069 1190
6.81384 1190
6.81699 1190
6.89182 1190
6.89498 1190
6.89813 1190
6.90128 1190
6.90443 1190
6.90758 1190
6.91074 1190
6.98557 1190
6.98872 1190
6.99187 1190
6.99503 1190
6.99818 1190
7.00133 1190
7.00448 1190
7.07774 1190
7.08089 1190
7.08404 1190
7.0872 1190
7.09035 1190
7.0935 1190
7.09665 1190
7.16991 1190
7.17306 1190
7.17622 1190
7.17937 1190
7.18252 1190
7.18567 1190
7.18882 1190
7.19198 1190
7.26366 1190
7.26681 1190
7.26996 1190
7.27311 1190
7.27627 1190
7.27942 1190
7.28257 1190
7.28572 1190
7.3574 1190
7.36056 1190
7.36371 1190
7.36686 1190
7.37001 1190
7.37316 1190
7.37632 1190
7.37947 1190
7.44957 1190
7.45273 1190
7.45588 1190
7.45903 1190
7.46218 1190
7.46533 1190
7.46849 1190
7.47164 1190
7.54174 1190
7.5449 1190
7.54805 1190
7.5512 1190
7.55435 1190
7.5575 1190
7.56066 1190
7.56381 1190
7.63392 1190
7.63707 1190
7.64022 1190
7.64337 1190
7.64652 1190
7.64968 1190
7.65283 1190
7.65598 1190
7.65913 1190
7.72766 1190
7.73081 1190
7.73397 1190
7.73712 1190
7.74027 1190
7.74342 1190
7.74657 1190
7.74973 1190
7.75288 1190
7.8246 2890
7.8246 2890
7.93414 2890
7.9373 2890
7.94045 2890
8.00744 2890
8.02631 2890
8.03104 2890
8.03419 2890
8.10119 2890
8.12006 2890
8.12321 2890
8.1934 1190
8.1934 1190
8.31082 1190
8.37777 1190
8.46994 1190
8.4731 1190
8.56369 1190
8.56684 1190
8.65744 1190
8.66059 1190
8.75118 1190
8.75434 1190
8.84335 1190
8.84651 1190
8.93552 1190
8.93868 1190
8.94183 1190
9.02927 1190
9.03242 1190
9.03558 1190
9.12302 1190
9.12617 1190
9.12932 1190
9.21676 1190
9.21992 1190
9.22307 1190
9.30893 1190
9.31209 1190
9.31524 1190
9.4011 1190
9.40426 1190
9.40741 1190
9.41056 1190
9.49485 1190
9.498 1190
9.50116 1190
9.50431 1190
9.5886 1190
9.59175 1190
9.5949 1190
9.59805 1190
9.68077 1190
9.68392 1190
9.68707 1190
9.69022 1190
9.77294 1190
9.77609 1190
9.77924 1190
9.78239 1190
9.86511 1190
9.86826 1190
9.87141 1190
9.87456 1190
9.87772 1190
9.95886 1190
9.96201 1190
9.96516 1190
9.96831 1190
9.97146 1190
10.0526 1190
10.0558 1190
10.0589 1190
10.0621 1190
10.0652 1190
