0.0905768 1
0.0905768 341
0.0905768 681
0.0905768 1021
0.0905768 1361
0.0905768 1701
0.0905768 2041
0.0905768 2381
0.0905768 2721
0.0905768 3061
0.0905768 3401
0.18279 3741
0.18279 4081
0.185942 4421
0.185942 4761
0.185942 5101
0.189094 5441
0.189094 5781
0.189094 6121
0.193861 6461
0.193861 6801
0.195437 7141
0.197013 2041
0.197013 7141
0.197013 7481
0.197013 7821
0.197013 8161
0.197013 8501
0.197013 8841
0.197013 9181
0.197013 9521
0.197013 9861
0.197013 10201
0.274999 10541
0.276575 10881
0.278151 11221
0.279727 11561
0.281303 11901
0.282879 12241
0.284455 12581
0.286031 12921
0.287607 13261
0.289183 13601
0.290759 13941
0.292297 14281
0.295449 14621
0.295449 14961
0.298601 15301
0.298601 15641
0.298601 15981
0.301753 16321
0.301753 16661
0.304905 17001
0.304905 17341
0.36717 17681
0.36717 18021
0.370322 18361
0.370322 18701
0.373474 19041
0.373474 19381
0.376626 19721
0.376626 20061
0.379778 20401
0.379778 20741
0.38293 21081
0.38293 21421
0.387619 21761
0.387619 22101
0.390771 22441
0.390771 22781
0.393923 23121
0.393923 23461
0.397075 23801
0.397075 24141
0.400227 24481
0.400227 24821
0.460916 25161
0.460916 25501
0.464068 25841
0.464068 26181
0.46722 26521
0.46722 26861
0.470372 27201
0.470372 27541
0.473524 27881
0.473524 28221
0.481366 28561
0.481366 28901
0.481366 29241
0.481366 29581
0.484518 29921
0.484518 30261
0.48767 30601
0.48767 30941
0.490822 31281
0.490822 31621
0.493974 31961
0.493974 32301
0.493974 32641
0.554662 32981
0.554662 33321
0.557814 33661
0.557814 34001
0.560966 34341
0.560966 34681
0.564118 35021
0.564118 35361
0.56727 35701
0.56727 36041
0.575112 36381
0.575112 36721
0.578264 37061
0.578264 37401
0.581416 37741
0.581416 38081
0.584568 38421
0.584568 38761
0.58772 39101
0.58772 39441
0.590872 39781
0.590872 40121
0.646833 40461
0.646833 40801
0.649985 41141
0.649985 41481
0.653137 41821
0.653137 42161
0.656289 42501
0.656289 42841
0.659441 43181
0.659441 43521
0.667282 43861
0.667282 44201
0.670434 44541
0.670434 44881
0.673586 45221
0.673586 45561
0.676738 45901
0.676738 46241
0.67989 46581
0.67989 46921
0.683042 47261
0.683042 47601
0.739003 47941
0.739003 48281
0.742155 48621
0.742155 48961
0.742155 49301
0.745307 49641
0.745307 49981
0.748459 50321
0.748459 50661
0.751611 51001
0.751611 51341
0.759453 51681
0.759453 52021
0.762605 52361
0.762605 52701
0.765757 53041
0.765757 53381
0.768909 53721
0.768909 54061
0.772061 54401
0.772061 54741
0.775213 55081
0.775213 55421
0.831174 55761
0.831174 56101
0.834326 56441
0.834326 56781
0.837478 57121
0.837478 57461
0.84063 57801
0.84063 58141
0.843782 58481
0.843782 58821
0.846934 59161
0.846934 59501
0.853199 59841
0.853199 60181
0.856351 60521
0.856351 60861
0.859503 61201
0.859503 61541
0.862655 61881
0.862655 62221
0.865807 62561
0.865807 62901
0.868959 63241
0.868959 63581
0.92492 63921
0.92492 64261
0.928072 64601
0.928072 64941
0.931224 65281
0.931224 65621
0.934376 65961
0.934376 66301
0.937528 66641
0.937528 66981
0.937528 67321
0.94068 67661
0.94068 68001
0.946946 68341
0.946946 68681
0.950098 69021
0.950098 69361
0.95325 69701
0.95325 70041
0.956402 70381
0.956402 70721
0.959554 71061
0.959554 71401
0.962706 71741
0.962706 72081
1.01867 72421
1.01867 72761
1.02182 73101
1.02182 73441
1.02497 73781
1.02497 74121
1.02812 74461
1.02812 74801
1.03127 75141
1.03127 75481
1.03443 75821
1.03443 76161
1.03912 76501
1.03912 76841
1.04227 77181
1.04227 77521
1.04542 77861
1.04542 78201
1.04857 78541
1.04857 78881
1.05172 79221
1.05172 79561
1.05488 79901
1.05488 80241
1.11084 80581
1.11084 80921
1.11399 81261
1.11399 81601
1.11714 81941
1.11714 82281
1.12029 82621
1.12029 82961
1.12344 83301
1.12344 83641
1.1266 83981
1.1266 84321
1.13129 84661
1.13129 85001
1.13129 85341
1.13444 85681
1.13444 86021
1.13759 86361
1.13759 86701
1.14074 87041
1.14074 87381
1.14389 87721
1.14389 88061
1.14705 88401
1.14705 88741
1.20301 89081
1.20301 89421
1.20616 89761
1.20616 90101
1.20931 90441
1.20931 90781
1.21246 91121
1.21246 91461
1.21562 91801
1.21562 92141
1.21877 92481
1.21877 92821
1.22346 93161
1.22346 93501
1.22661 93841
1.22661 94181
1.22976 94521
1.22976 94861
1.23291 95201
1.23291 95541
1.23606 95881
1.23606 96221
1.23922 96561
1.23922 96901
1.24237 97241
1.24237 97581
1.29675 97921
1.29675 98261
1.29991 98601
1.29991 98941
1.30306 99281
1.30306 99621
1.30621 99961
1.30621 100301
1.30936 100641
1.30936 100981
1.31251 101321
1.31251 101661
1.3172 102001
1.3172 102341
1.32036 102681
1.32036 103021
1.32351 103361
1.32351 103701
1.32666 104041
1.32666 104381
1.32666 104721
1.32981 105061
1.32981 105401
1.33296 105741
1.33296 106081
1.33612 106421
1.33612 106761
1.3905 107101
1.3905 107441
1.39365 107781
1.39365 108121
1.3968 108461
1.3968 108801
1.39996 109141
1.39996 109481
1.40311 109821
1.40311 110161
1.40626 110501
1.40626 110841
1.41095 111181
1.41095 111521
1.4141 111861
1.4141 112201
1.41725 112541
1.41725 112881
1.42041 113221
1.42041 113561
1.42356 113901
1.42356 114241
1.42986 114581
1.42986 114921
1.42986 115261
1.42986 115601
1.48267 115941
1.48267 116281
1.48582 116621
1.48582 116961
1.48897 117301
1.48897 117641
1.49213 117981
1.49213 118321
1.49528 118661
1.49528 119001
1.49843 119341
1.49843 119681
1.50312 120021
1.50312 120361
1.50627 120701
1.50627 121041
1.50942 121381
1.50942 121721
1.51258 122061
1.51258 122401
1.51573 122741
1.51573 123081
1.52203 123421
1.52203 123761
1.52518 124101
1.52518 124441
1.57484 124781
1.57484 125121
1.57484 125461
1.57799 125801
1.57799 126141
1.58114 126481
1.58114 126821
1.5843 127161
1.5843 127501
1.58745 127841
1.58745 128181
1.5906 128521
1.5906 128861
1.59529 129201
1.59529 129541
1.59844 129881
1.59844 130221
1.60159 130561
1.60159 130901
1.60475 131241
1.60475 131581
1.6079 131921
1.6079 132261
1.6142 132601
1.6142 132941
1.61735 133281
1.61735 133621
1.66701 133961
1.66701 134301
1.67016 134641
1.67016 134981
1.67332 135321
1.67332 135661
1.67647 136001
1.67647 136341
1.67962 136681
1.67962 137021
1.68277 137361
1.68277 137701
1.68592 138041
1.68592 138381
1.68908 138721
1.68908 139061
1.69223 139401
1.69223 139741
1.69538 140081
1.69538 140421
1.69853 140761
1.69853 141101
1.70168 141441
1.70168 141781
1.70795 142121
1.70795 142461
1.7111 142801
1.7111 143141
1.76076 143481
1.76076 143821
1.76391 144161
1.76391 144501
1.76706 144841
1.76706 145181
1.77021 145521
1.77021 145861
1.77021 146201
1.77337 146541
1.77337 146881
1.77652 147221
1.77652 147561
1.77967 147901
1.77967 148241
1.78282 148581
1.78282 148921
1.78597 149261
1.78597 149601
1.78913 149941
1.78913 150281
1.79228 150621
1.79228 150961
1.79543 151301
1.79543 151641
1.8017 151981
1.8017 152321
1.80485 152661
1.80485 153001
1.8545 153341
1.8545 153681
1.85766 154021
1.85766 154361
1.86396 154701
1.86396 155041
1.86396 155381
1.86396 155721
1.86711 156061
1.86711 156401
1.87026 156741
1.87026 157081
1.87342 157421
1.87342 157761
1.87657 158101
1.87657 158441
1.87972 158781
1.87972 159121
1.88287 159461
1.88287 159801
1.88602 160141
1.88602 160481
1.88918 160821
1.88918 161161
1.89387 161501
1.89387 161841
1.89702 162181
1.89702 162521
1.94667 162861
1.94667 163201
1.94983 163541
1.94983 163881
1.95613 164221
1.95613 164561
1.95928 164901
1.95928 165241
1.96243 165581
1.96243 165921
1.96559 166261
1.96559 166601
1.96874 166941
1.96874 167281
1.96874 167621
1.97189 167961
1.97189 168301
1.97504 168641
1.97504 168981
1.97819 169321
1.97819 169661
1.98135 170001
1.98135 170341
1.9845 170681
1.9845 171021
1.98765 171361
1.98765 171701
1.9908 172041
1.9908 172381
2.03884 172721
2.03884 173061
2.042 173401
2.042 173741
2.0483 174081
2.0483 174421
2.05145 174761
2.05145 175101
2.0546 175441
2.0546 175781
2.05776 176121
2.05776 176461
2.06091 176801
2.06091 177141
2.06406 177481
2.06406 177821
2.06721 178161
2.06721 178501
2.07036 178841
2.07036 179181
2.07352 179521
2.07352 179861
2.07667 180201
2.07667 180541
2.07982 180881
2.07982 181221
2.08297 181561
2.08297 181901
2.08612 182241
2.08612 182581
2.13259 182921
2.13259 183261
2.13574 183601
2.13574 183941
2.14205 184281
2.14205 184621
2.1452 184961
2.1452 185301
2.14835 185641
2.14835 185981
2.1515 186321
2.1515 186661
2.15466 187001
2.15466 187341
2.15781 187681
2.15781 188021
2.16096 188361
2.16096 188701
2.16411 189041
2.16411 189381
2.16411 189721
2.16726 190061
2.16726 190401
2.17042 190741
2.17042 191081
2.17357 191421
2.17357 191761
2.17672 192101
2.17672 192441
2.17987 192781
2.17987 193121
2.22634 193461
2.22634 193801
2.22949 194141
2.22949 194481
2.23579 194821
2.23579 195161
2.23895 195501
2.23895 195841
2.2421 196181
2.2421 196521
2.24525 196861
2.24525 197201
2.2484 197541
2.2484 197881
2.25155 198221
2.25155 198561
2.25471 198901
2.25471 199241
2.25786 199581
2.25786 199921
2.26101 200261
2.26101 200601
2.26416 200941
2.26416 201281
2.26731 201621
2.26731 201961
2.27047 202301
2.27047 202641
2.27362 202981
2.27362 203321
2.31851 203661
2.31851 204001
2.32166 204341
2.32166 204681
2.32796 205021
2.32796 205361
2.33112 205701
2.33112 206041
2.33427 206381
2.33427 206721
2.33742 207061
2.33742 207401
2.34057 207741
2.34057 208081
2.34372 208421
2.34372 208761
2.34688 209101
2.34688 209441
2.35003 209781
2.35003 210121
2.35318 210461
2.35318 210801
2.35633 211141
2.35633 211481
2.35948 211821
2.35948 212161
2.36264 212501
2.36264 212841
2.36264 213181
2.36579 213521
2.36579 213861
2.41068 214201
2.41068 214541
2.41383 214881
2.41383 215221
2.42013 215561
2.42013 215901
2.42329 216241
2.42329 216581
2.42644 216921
2.42644 217261
2.42959 217601
2.42959 217941
2.43274 218281
2.43274 218621
2.43589 218961
2.43589 219301
2.43905 219641
2.43905 219981
2.4422 220321
2.4422 220661
2.44535 221001
2.44535 221341
2.4485 221681
2.4485 222021
2.45165 222361
2.45165 222701
2.45481 223041
2.45481 223381
2.45796 223721
2.45796 224061
2.46111 224401
2.46111 224741
2.50442 225081
2.50442 225421
2.50758 225761
2.50758 226101
2.51388 226441
2.51388 226781
2.51703 227121
2.51703 227461
2.5218 227801
2.5218 228141
2.52338 228481
2.52495 216921
2.52495 228481
2.52495 228821
2.52495 229161
2.52495 229501
2.52495 229841
2.52495 230181
2.52495 230521
2.52495 230861
2.52495 231201
2.52495 231541
2.52495 231881
2.52495 232221
2.52495 232561
2.52495 232901
2.52495 233241
2.52653 233581
2.5281 233921
2.52968 234261
2.53126 234601
2.53283 234941
2.53441 235281
2.53598 235621
2.53756 235961
2.53914 236301
2.54071 236641
2.54229 236981
2.54386 237321
2.54544 237661
2.54702 238001
2.54859 238341
2.55017 238681
2.55174 239021
2.55332 239361
2.5549 239701
2.59663 240041
2.59821 240381
2.59979 240721
2.60136 241061
2.60609 241401
2.60767 241741
2.60924 242081
2.61082 242421
2.61401 242761
2.61558 243101
2.61716 243441
2.6187 243781
2.62185 244121
2.62185 244461
2.625 244801
2.625 245141
2.62815 245481
2.62815 245821
2.63131 246161
2.63131 246501
2.6345 246841
2.63607 247181
2.63765 231201
2.63765 247181
2.63765 247521
2.63765 247861
2.63765 248201
2.63765 248541
2.63765 248881
2.63765 249221
2.63765 249561
2.63765 249901
2.63765 250241
2.63765 250581
2.63765 250921
2.63765 251261
2.63765 251601
2.63765 251941
2.63765 252281
2.63765 252621
2.63765 252961
2.63765 253301
2.63765 253641
2.63765 253981
2.63765 254321
2.63765 254661
2.63765 255001
2.63765 255341
2.63765 255681
2.63765 256021
2.63765 256361
2.63765 256701
2.63765 257041
2.63765 257381
2.63765 257721
2.63765 258061
2.63765 258401
2.63765 258741
2.63765 259081
2.63765 259421
2.63765 259761
2.63765 260101
2.63765 260441
2.63765 260781
2.63765 261121
2.63765 261461
2.63765 261801
2.63765 262141
2.63765 262481
2.63765 262821
2.63765 263161
2.63765 263501
2.63765 263841
2.63765 264181
2.63765 264521
2.63765 264861
2.63765 265201
2.63765 265541
2.63765 265881
2.63765 266221
2.63765 266561
2.63765 266901
2.63765 267241
2.63765 267581
2.63765 267921
2.63765 268261
2.63765 268601
2.63765 268941
2.63765 269281
2.63765 269621
2.63765 269961
2.63765 270301
2.63765 270641
2.63765 270981
2.63765 271321
2.63765 271661
2.63765 272001
2.63765 272341
2.63765 272681
2.63765 273021
2.63765 273361
2.63765 273701
2.63765 274041
2.63765 274381
2.63765 274721
2.63765 275061
2.63765 275401
2.63765 275741
2.63765 276081
2.63765 276421
2.63765 276761
2.63765 277101
2.63765 277441
2.63765 277781
2.63765 278121
2.63765 278461
2.63765 278801
2.63765 279141
2.63765 279481
2.63765 279821
2.63765 280161
2.63765 280501
2.63765 280841
2.63765 281181
2.63765 281521
2.63765 281861
2.63765 282201
2.63765 282541
2.63765 282881
2.63765 283221
2.63765 283561
2.63765 283901
2.63765 284241
2.63765 284581
2.63765 284921
2.63765 285261
2.63765 285601
2.63765 285941
2.63765 286281
2.63765 286621
2.63922 286961
2.6408 287301
2.64238 287641
2.64395 287981
2.64553 288321
2.6471 288661
2.64868 289001
2.65026 289341
2.65183 289681
2.65341 290021
2.65498 290361
2.65656 290701
2.65814 291041
2.65971 291381
2.66129 291721
2.66286 292061
2.66444 292401
2.66602 292741
2.66759 293081
2.66917 293421
2.67074 293761
2.68884 294101
2.69042 294441
2.69199 294781
2.69357 295121
2.6983 295461
2.69987 295801
2.70145 296141
2.70303 296481
2.70622 296821
2.70779 297161
2.70937 297501
2.71094 297841
2.71406 298181
2.71563 298521
2.71721 298861
2.71879 299201
2.72036 299541
2.72194 299881
2.72351 300221
2.72509 300561
2.7267 300901
2.72828 301241
2.72982 301581
2.73297 301921
2.73297 302261
2.73612 302601
2.73612 302941
2.73927 303281
2.73927 303621
2.74243 303961
2.74243 304301
2.74558 304641
2.74558 304981
2.74873 305321
2.74873 305661
2.75188 306001
2.75188 306341
2.75503 306681
2.75503 307021
2.75819 307361
2.75819 307701
2.76134 308041
2.76134 308381
2.76449 308721
2.76449 309061
2.76764 309401
2.76764 309741
2.77079 310081
2.77079 310421
2.77395 310761
2.77395 311101
2.7771 311441
2.7771 311781
2.78025 312121
2.78025 312461
2.7834 312801
2.7834 313141
2.78655 313481
2.78655 313821
2.78971 314161
2.78971 314501
2.79286 314841
2.79286 315181
2.79601 315521
2.79601 315861
2.79916 316201
2.79916 316541
2.80547 316881
2.80547 317221
2.80547 317561
2.80547 317901
2.80862 318241
2.80862 318581
2.81177 318921
2.81177 319261
2.81492 319601
2.81492 319941
2.81807 320281
2.81807 320621
2.82123 320961
2.82123 321301
2.82438 321641
2.82438 321981
2.82753 322321
2.82753 322661
2.83068 323001
2.83068 323341
2.83383 323681
2.83383 324021
2.83699 324361
2.83699 324701
2.84014 325041
2.84014 325381
2.84329 325721
2.84329 326061
2.84644 326401
2.84644 326741
2.84959 327081
2.84959 327421
2.85275 327761
2.85275 328101
2.8559 328441
2.8559 328781
2.85905 329121
2.85905 329461
2.8622 329801
2.8622 330141
2.86535 330481
2.86535 330821
2.86851 331161
2.86851 331501
2.87166 331841
2.87166 332181
2.87481 332521
2.87481 332861
2.87796 333201
2.87796 333541
2.88111 333881
2.88111 334221
2.88427 334561
2.88427 334901
2.88742 335241
2.88742 335581
2.89057 335921
2.89057 336261
2.89372 336601
2.89372 336941
2.89687 337281
2.89687 337621
2.89687 337961
2.90003 338301
2.90003 338641
2.90318 338981
2.90318 339321
2.90633 339661
2.90633 340001
2.90948 340341
2.90948 340681
2.91263 341021
2.91263 341361
2.91579 341701
2.91579 342041
2.91894 342381
2.91894 342721
2.92209 343061
2.92209 343401
2.92524 343741
2.92524 344081
2.92839 344421
2.92839 344761
2.93155 345101
2.93155 345441
2.9347 345781
2.9347 346121
2.93785 346461
2.93785 346801
2.941 347141
2.941 347481
2.94415 347821
2.94415 348161
2.94731 348501
2.94731 348841
2.95046 349181
2.95046 349521
2.95361 349861
2.95361 350201
2.95676 350541
2.95676 350881
2.95991 351221
2.95991 351561
2.96307 351901
2.96307 352241
2.96622 352581
2.96622 352921
2.96937 353261
2.96937 353601
2.97252 353941
2.97252 354281
2.97567 354621
2.97567 354961
2.97883 355301
2.97883 355641
2.98198 355981
2.98198 356321
2.98513 356661
2.98513 357001
2.98828 357341
2.98828 357681
2.99143 358021
2.99143 358361
2.99459 358701
2.99459 359041
2.99774 359381
2.99774 359721
3.00089 360061
3.00089 360401
3.00404 360741
3.00404 361081
3.00719 361421
3.00719 361761
3.01035 362101
3.01035 362441
3.0135 362781
3.0135 363121
3.01665 363461
3.01665 363801
3.0198 364141
3.0198 364481
3.02295 364821
3.02295 365161
3.02611 365501
3.02611 365841
3.02926 366181
3.02926 366521
3.03241 366861
3.03241 367201
3.03556 367541
3.03556 367881
3.03871 368221
3.03871 368561
3.04187 368901
3.04187 369241
3.04502 369581
3.04502 369921
3.04817 370261
3.04817 370601
3.05132 370941
3.05132 371281
3.05447 371621
3.05447 371961
3.05763 372301
3.05763 372641
3.06078 372981
3.06078 373321
3.06393 373661
3.06393 374001
3.06708 374341
3.06708 374681
3.07023 375021
3.07023 375361
3.07339 375701
3.07339 376041
3.07654 376381
3.07654 376721
3.07969 377061
3.07969 377401
3.08284 377741
3.08284 378081
3.08599 378421
3.08599 378761
3.08915 379101
3.08915 379441
3.0923 379781
3.0923 380121
3.09545 380461
3.09545 380801
3.0986 381141
3.0986 381481
3.10175 381821
3.10175 382161
3.10491 382501
3.10491 382841
3.10806 383181
3.10806 383521
3.11121 383861
3.11121 384201
3.11436 384541
3.11436 384881
3.11751 385221
3.11751 385561
3.12067 385901
3.12067 386241
3.12382 386581
3.12382 386921
3.12697 387261
3.12697 387601
3.13012 387941
3.13012 388281
3.13327 388621
3.13327 388961
3.13643 389301
3.13643 389641
3.13958 389981
3.13958 390321
3.14273 390661
3.14273 391001
3.14588 391341
3.14588 391681
3.14903 392021
3.14903 392361
3.15219 392701
3.15219 393041
3.15534 393381
3.15534 393721
3.15849 394061
3.15849 394401
3.16164 394741
3.16164 395081
3.16479 395421
3.16479 395761
3.16795 396101
3.16795 396441
3.1711 396781
3.1711 397121
3.17425 397461
3.17425 397801
3.1774 398141
3.1774 398481
3.18055 398821
3.18055 399161
3.18371 399501
3.18371 399841
3.18686 400181
3.18686 400521
3.19001 400861
3.19001 401201
3.19316 401541
3.19316 401881
3.19631 402221
3.19631 402561
3.19947 402901
3.19947 403241
3.20262 403581
3.20262 403921
3.20577 404261
3.20577 404601
3.20892 404941
3.20892 405281
3.21207 405621
3.21207 405961
3.21523 406301
3.21523 406641
3.21838 406981
3.21838 407321
3.22153 407661
3.22153 408001
3.22468 408341
3.22468 408681
3.22783 409021
3.22783 409361
3.23099 409701
3.23099 410041
3.23414 410381
3.23414 410721
3.23729 411061
3.23729 411401
3.24044 411741
3.24044 412081
3.24359 412421
3.24359 412761
3.24675 413101
3.24675 413441
3.2499 413781
3.2499 414121
3.25305 414461
3.25305 414801
3.2562 415141
3.2562 415481
3.25935 415821
3.25935 416161
3.26251 416501
3.26251 416841
3.26566 417181
3.26566 417521
3.26881 417861
3.26881 418201
3.27196 418541
3.27196 418881
3.27511 419221
3.27511 419561
3.27827 419901
3.27827 420241
3.28142 420581
3.28142 420921
3.28457 421261
3.28457 421601
3.28772 421941
3.28772 422281
3.29087 422621
3.29087 422961
3.29403 423301
3.29403 423641
3.29718 423981
3.29718 424321
3.30033 424661
3.30033 425001
3.30348 425341
3.30348 425681
3.30663 426021
3.30663 426361
3.30979 426701
3.30979 427041
3.31294 427381
3.31294 427721
3.31609 428061
3.31609 428401
3.31924 428741
3.31924 429081
3.32239 429421
3.32239 429761
3.32555 430101
3.32555 430441
3.3287 430781
3.3287 431121
3.33185 431461
3.33185 431801
3.335 432141
3.335 432481
3.33815 432821
3.33815 433161
3.34131 433501
3.34131 433841
3.34446 434181
3.34446 434521
3.34761 434861
3.34761 435201
3.35076 435541
3.35076 435881
3.35391 436221
3.35391 436561
3.35707 436901
3.35707 437241
3.36022 437581
3.36022 437921
3.36337 438261
3.36337 438601
3.36652 438941
3.36652 439281
3.36967 439621
3.36967 439961
3.37283 440301
3.37283 440641
3.37598 440981
3.37598 441321
3.37913 441661
3.37913 442001
3.38228 442341
3.38228 442681
3.38543 443021
3.38543 443361
3.38859 443701
3.38859 444041
3.39174 444381
3.39174 444721
3.39489 445061
3.39489 445401
3.39804 445741
3.39804 446081
3.40119 446421
3.40119 446761
3.40435 447101
3.40435 447441
3.4075 447781
3.4075 448121
3.41065 448461
3.41065 448801
3.4138 449141
3.4138 449481
3.41695 449821
3.41695 450161
3.42011 450501
3.42011 450841
3.42326 451181
3.42326 451521
3.42641 451861
3.42641 452201
3.42956 452541
3.42956 452881
3.43271 453221
3.43271 453561
3.43271 453901
3.43587 454241
3.43587 454581
3.43902 454921
3.43902 455261
3.44217 455601
3.44217 455941
3.44532 456281
3.44532 456621
3.44847 456961
3.44847 457301
3.45163 457641
3.45163 457981
3.45478 458321
3.45478 458661
3.45793 459001
3.45793 459341
3.46108 459681
3.46108 460021
3.46423 460361
3.46423 460701
3.46739 461041
3.46739 461381
3.47054 461721
3.47054 462061
3.47369 462401
3.47369 462741
3.47684 463081
3.47684 463421
3.47999 463761
3.47999 464101
3.48315 464441
3.48315 464781
3.4863 465121
3.4863 465461
3.48945 465801
3.48945 466141
3.4926 466481
3.4926 466821
3.49575 467161
3.49575 467501
3.49891 467841
3.49891 468181
3.50206 468521
3.50206 468861
3.50521 469201
3.50521 469541
3.50836 469881
3.50836 470221
3.51151 470561
3.51151 470901
3.51467 471241
3.51467 471581
3.51782 471921
3.51782 472261
3.52097 472601
3.52097 472941
3.52412 473281
3.52412 473621
3.52727 473961
3.52727 474301
3.53043 474641
3.53043 474981
3.53358 475321
3.53358 475661
3.53673 476001
3.53673 476341
3.53988 476681
3.53988 477021
3.54303 477361
3.54303 477701
3.54619 478041
3.54619 478381
3.54934 478721
3.54934 479061
3.55249 479401
3.55249 479741
3.55564 480081
3.55564 480421
3.55879 480761
3.55879 481101
3.56195 481441
3.56195 481781
3.5651 482121
3.5651 482461
3.56825 482801
3.56825 483141
3.5714 483481
3.5714 483821
3.57455 484161
3.57455 484501
3.57771 484841
3.57771 485181
3.58086 485521
3.58086 485861
3.58401 486201
3.58401 486541
3.58716 486881
3.58716 487221
3.59031 487561
3.59031 487901
3.59347 488241
3.59347 488581
3.59662 488921
3.59662 489261
3.59977 489601
3.59977 489941
3.60292 490281
3.60292 490621
3.60607 490961
3.60607 491301
3.60923 491641
3.60923 491981
3.61238 492321
3.61238 492661
3.61553 493001
3.61553 493341
3.61868 493681
3.61868 494021
3.62183 494361
3.62183 494701
3.62499 495041
3.62499 495381
3.62814 495721
3.62814 496061
3.63129 496401
3.63129 496741
3.63444 497081
3.63444 497421
3.63759 497761
3.63759 498101
3.64075 498441
3.64075 498781
3.6439 499121
3.6439 499461
3.64705 499801
3.64705 500141
3.6502 500481
3.6502 500821
3.65335 501161
3.65335 501501
3.65651 501841
3.65651 502181
3.65966 502521
3.65966 502861
3.66281 503201
3.66281 503541
3.66596 503881
3.66596 504221
3.66911 504561
3.66911 504901
3.67227 505241
3.67227 505581
3.67542 505921
3.67542 506261
3.67857 506601
3.67857 506941
3.68172 507281
3.68172 507621
3.68487 507961
3.68487 508301
3.68803 508641
3.68803 508981
3.69118 509321
3.69118 509661
3.69433 510001
3.69433 510341
3.69748 510681
3.69748 511021
3.70063 511361
3.70063 511701
3.70379 512041
3.70379 512381
3.70694 512721
3.70694 513061
3.71009 513401
3.71009 513741
3.71324 514081
3.71324 514421
3.71639 514761
3.71639 515101
3.71955 515441
3.71955 515781
3.7227 516121
3.7227 516461
3.72585 516801
3.72585 517141
3.729 517481
3.729 517821
3.73215 518161
3.73215 518501
3.73531 518841
3.73531 519181
3.73846 519521
3.73846 519861
3.74161 520201
3.74161 520541
3.74476 520881
3.74476 521221
3.74791 521561
3.74791 521901
3.75107 522241
3.75107 522581
3.75422 522921
3.75422 523261
3.75737 523601
3.75737 523941
3.76052 524281
3.76052 524621
3.76367 524961
3.76367 525301
3.76683 525641
3.76683 525981
3.76998 526321
3.76998 526661
3.77313 527001
3.77313 527341
3.77628 527681
3.77628 528021
3.77943 528361
3.77943 528701
3.78259 529041
3.78259 529381
3.78574 529721
3.78574 530061
3.78889 530401
3.78889 530741
3.79204 531081
3.79204 531421
3.79519 531761
3.79519 532101
3.79835 532441
3.79835 532781
3.8015 533121
3.8015 533461
3.80465 533801
3.80465 534141
3.8078 534481
3.8078 534821
3.81095 535161
3.81095 535501
3.81411 535841
3.81411 536181
3.81726 536521
3.81726 536861
3.82041 537201
3.82041 537541
3.82356 537881
3.82356 538221
3.82671 538561
3.82671 538901
3.82987 539241
3.82987 539581
3.83302 539921
3.83302 540261
3.83617 540601
3.83617 540941
3.83932 541281
3.83932 541621
3.84247 541961
3.84247 542301
3.84563 542641
3.84563 542981
3.84878 543321
3.84878 543661
3.85193 544001
3.85193 544341
3.85508 544681
3.85508 545021
3.85823 545361
3.85823 545701
3.86139 546041
3.86139 546381
3.86454 546721
3.86454 547061
3.86769 547401
3.86769 547741
3.87084 548081
3.87084 548421
3.87399 548761
3.87399 549101
3.87715 549441
3.87715 549781
3.8803 550121
3.8803 550461
3.88345 550801
3.88345 551141
3.8866 551481
3.8866 551821
3.88975 552161
3.88975 552501
3.89291 552841
3.89291 553181
3.89606 553521
3.89606 553861
3.89921 554201
3.89921 554541
3.90236 554881
3.90236 555221
3.90551 555561
3.90551 555901
3.90867 556241
3.90867 556581
3.91182 556921
3.91182 557261
3.91497 557601
3.91497 557941
3.91812 558281
3.91812 558621
3.92127 558961
3.92127 559301
3.92443 559641
3.92443 559981
3.92758 560321
3.92758 560661
3.93073 561001
3.93073 561341
3.93388 561681
3.93388 562021
3.93703 562361
3.93703 562701
3.94019 563041
3.94019 563381
3.94334 563721
3.94334 564061
3.94649 564401
3.94649 564741
3.94964 565081
3.94964 565421
3.95279 565761
3.95279 566101
3.95595 566441
3.95595 566781
3.9591 567121
3.9591 567461
3.96225 567801
3.96225 568141
3.9654 568481
3.9654 568821
3.96855 569161
3.96855 569501
3.96855 569841
3.97171 570181
3.97171 570521
3.97486 570861
3.97486 571201
3.97801 571541
3.97801 571881
3.98116 572221
3.98116 572561
3.98431 572901
3.98431 573241
3.98747 573581
3.98747 573921
3.99062 574261
3.99062 574601
3.99377 574941
3.99377 575281
3.99692 575621
3.99692 575961
4.00007 576301
4.00007 576641
4.00323 576981
4.00323 577321
4.00638 577661
4.00638 578001
4.00953 578341
4.00953 578681
4.01268 579021
4.01268 579361
4.01583 579701
4.01583 580041
4.01899 580381
4.01899 580721
4.02214 581061
4.02214 581401
4.02529 581741
4.02529 582081
4.02844 582421
4.02844 582761
4.03159 583101
4.03159 583441
4.03475 583781
4.03475 584121
4.0379 584461
4.0379 584801
4.04105 585141
4.04105 585481
4.0442 585821
4.0442 586161
4.04735 586501
4.04735 586841
4.05051 587181
4.05051 587521
4.05366 587861
4.05366 588201
4.05681 588541
4.05681 588881
4.05996 589221
4.05996 589561
4.06311 589901
4.06311 590241
4.06627 590581
4.06627 590921
4.06942 591261
4.06942 591601
4.07257 591941
4.07257 592281
4.07572 592621
4.07572 592961
4.07887 593301
4.07887 593641
4.08364 593981
4.08364 594321
4.08522 594661
4.08679 538561
4.26177 540941
4.26177 541281
4.26334 594661
4.26334 595001
4.26492 595341
4.2665 595681
4.26807 596021
4.26965 596361
4.27122 596701
4.2728 597041
4.27438 597381
4.27595 597721
4.27753 598061
4.2791 598401
4.28068 598741
4.28226 599081
4.28383 599421
4.28541 599761
4.28698 600101
4.28856 600441
4.29014 600781
4.29171 601121
4.29329 601461
4.29486 601801
4.29644 602141
4.29802 602481
4.29959 602821
4.30117 603161
4.30274 603501
4.30432 603841
4.3059 604181
4.30747 604521
4.30905 604861
4.31062 605201
4.3122 605541
4.31378 605881
4.31535 606221
4.31693 606561
4.3185 606901
4.32008 607241
4.32166 607581
4.32323 607921
4.32481 608261
4.32638 608601
4.32796 608941
4.32954 609281
4.33111 609621
4.33269 609961
4.33426 610301
4.33584 610641
4.33742 610981
4.33899 611321
4.34057 611661
4.3421 612001
4.35394 612341
4.35709 612681
4.35709 613021
4.36024 613361
4.36024 613701
4.36339 614041
4.36339 614381
4.36655 614721
4.36655 615061
4.3697 615401
4.3697 615741
4.37285 616081
4.37285 616421
4.376 616761
4.376 617101
4.37915 617441
4.37915 617781
4.38231 618121
4.38231 618461
4.38546 618801
4.38546 619141
4.38861 619481
4.38861 619821
4.39176 620161
4.39176 620501
4.39491 620841
4.39491 621181
4.39807 621521
4.39807 621861
4.40122 622201
4.40122 622541
4.40437 622881
4.40437 623221
4.40752 623561
4.40752 623901
4.41067 624241
4.41067 624581
4.41383 624921
4.41383 625261
4.41698 625601
4.41698 625941
4.42013 626281
4.42013 626621
4.42328 626961
4.42328 627301
4.42643 627641
4.42643 627981
4.42959 628321
4.42959 628661
4.43274 629001
4.43274 629341
4.44611 629681
4.44611 630021
4.45084 630361
4.45084 630701
4.45399 631041
4.45399 631381
4.45714 631721
4.45714 632061
4.46191 632401
4.46191 632741
4.46348 633081
4.46506 614721
4.46979 633081
4.46979 633421
4.47136 633761
4.47294 634101
4.47451 634441
4.47609 634781
4.47767 635121
4.47924 635461
4.48082 635801
4.48239 636141
4.48397 636481
4.48555 636821
4.48712 637161
4.4887 637501
4.49027 637841
4.49185 638181
4.49343 638521
4.495 638861
4.49658 639201
4.49815 639541
4.49973 639881
4.50131 640221
4.50288 640561
4.50446 640901
4.50603 641241
4.50761 641581
4.50919 641921
4.51076 642261
4.51234 642601
4.51391 642941
4.51549 643281
4.51707 643621
4.51864 643961
4.52022 644301
4.52179 644641
4.52337 644981
4.52495 645321
4.52652 645661
4.53832 646001
4.53989 646341
4.54304 646681
4.54462 647021
4.5462 647361
4.54777 647701
4.54935 648041
4.55092 648381
4.55412 648721
4.55569 649061
4.55727 649401
4.5588 649741
4.56353 650081
4.56353 650421
4.56668 650761
4.56668 651101
4.56984 651441
4.56984 651781
4.57299 652121
4.57299 652461
4.57614 652801
4.57614 653141
4.57929 653481
4.57929 653821
4.58244 654161
4.58244 654501
4.5856 654841
4.5856 655181
4.58875 655521
4.58875 655861
4.5919 656201
4.5919 656541
4.59505 656881
4.59505 657221
4.5982 657561
4.5982 657901
4.60136 658241
4.60136 658581
4.60451 658921
4.60451 659261
4.60766 659601
4.60766 659941
4.61081 660281
4.61081 660621
4.61396 660961
4.61396 661301
4.61712 661641
4.61712 661981
4.63522 662321
4.63522 662661
4.63522 663001
4.63522 663341
4.63837 663681
4.63837 664021
4.64152 664361
4.64152 664701
4.64629 665041
4.64629 665381
4.64944 665721
4.64944 666061
4.6557 666401
4.6557 666741
4.65886 667081
4.65886 667421
4.66201 667761
4.66201 668101
4.66516 668441
4.66516 668781
4.66831 669121
4.66831 669461
4.67146 669801
4.67146 670141
4.67462 670481
4.67462 670821
4.67777 671161
4.67777 671501
4.68092 671841
4.68092 672181
4.68407 672521
4.68407 672861
4.68722 673201
4.68722 673541
4.69038 673881
4.69038 674221
4.69353 674561
4.69353 674901
4.69668 675241
4.69668 675581
4.69983 675921
4.69983 676261
4.70298 676601
4.70298 676941
4.70614 677281
4.70614 677621
4.70614 677961
4.70929 678301
4.70929 678641
4.72739 678981
4.72739 679321
4.73054 679661
4.73054 680001
4.73369 680341
4.73369 680681
4.73684 681021
4.73684 681361
4.73999 681701
4.73999 682041
4.74315 682381
4.74315 682721
4.74787 683061
4.74787 683401
4.75103 683741
4.75103 684081
4.75418 684421
4.75418 684761
4.75733 685101
4.75733 685441
4.76048 685781
4.76048 686121
4.76363 686461
4.76363 686801
4.76679 687141
4.76679 687481
4.76994 687821
4.76994 688161
4.77309 688501
4.77309 688841
4.77624 689181
4.77624 689521
4.77939 689861
4.77939 690201
4.78255 690541
4.78255 690881
4.7857 691221
4.7857 691561
4.78885 691901
4.78885 692241
4.792 692581
4.792 692921
4.79515 693261
4.79515 693601
4.79831 693941
4.79831 694281
4.80146 694621
4.80146 694961
4.80461 695301
4.80461 695641
4.82113 695981
4.82113 696321
4.82428 696661
4.82428 697001
4.82744 697341
4.82744 697681
4.83059 698021
4.83059 698361
4.83374 698701
4.83374 699041
4.83689 699381
4.83689 699721
4.84162 700061
4.84162 700401
4.84477 700741
4.84477 701081
4.84792 701421
4.84792 701761
4.85108 702101
4.85108 702441
4.85423 702781
4.85423 703121
4.85738 703461
4.85738 703801
4.86053 704141
4.86053 704481
4.86368 704821
4.86368 705161
4.86684 705501
4.86684 705841
4.86999 706181
4.86999 706521
4.87314 706861
4.87314 707201
4.87629 707541
4.87629 707881
4.87944 708221
4.87944 708561
4.8826 708901
4.8826 709241
4.88575 709581
4.88575 709921
4.8889 710261
4.8889 710601
4.89205 710941
4.89205 711281
4.8952 711621
4.8952 711961
4.89836 712301
4.89836 712641
4.91488 712981
4.91488 713321
4.91803 713661
4.91803 714001
4.92118 714341
4.92118 714681
4.92433 715021
4.92433 715361
4.92749 715701
4.92749 716041
4.92749 716381
4.93064 716721
4.93064 717061
4.93537 717401
4.93537 717741
4.93852 718081
4.93852 718421
4.94167 718761
4.94167 719101
4.94486 719441
4.94644 719781
4.94959 701761
4.94959 719781
4.94959 720121
4.95116 720461
4.95274 720801
4.95432 721141
4.95589 721481
4.95747 721821
4.95904 722161
4.96062 722501
4.9622 722841
4.96377 723181
4.96535 723521
4.96692 723861
4.9685 724201
4.97008 724541
4.97165 724881
4.97323 725221
4.9748 725561
4.97638 725901
4.97796 726241
4.97953 726581
4.98272 726921
4.9843 727261
4.98588 709921
4.98588 710261
4.98588 727261
4.98588 727601
4.98745 727941
4.98903 728281
4.9906 728621
4.99218 728961
5.00713 729301
5.0087 729641
5.01028 729981
5.01185 730321
5.01343 730661
5.01501 731001
5.01658 731341
5.01816 731681
5.01973 732021
5.02131 732361
5.02289 732701
5.02446 733041
5.02604 733381
5.02761 733721
5.02919 734061
5.03077 734401
5.03234 734741
5.03392 735081
5.03549 735421
5.03711 735761
5.03868 736101
5.0418 736441
5.04337 736781
5.04495 737121
5.04653 737461
5.0481 737801
5.04968 738141
5.05125 738481
5.05283 738821
5.05441 739161
5.05598 739501
5.05756 739841
5.05913 740181
5.06071 740521
5.06229 740861
5.06386 741201
5.06544 741541
5.06701 741881
5.06859 742221
5.07017 742561
5.07174 742901
5.07332 743241
5.07493 743581
5.07651 743921
5.07805 744261
5.0812 744601
5.0812 744941
5.08435 745281
5.08435 745621
5.0993 745961
5.0993 746301
5.10245 746641
5.10245 746981
5.1056 747321
5.1056 747661
5.10875 748001
5.10875 748341
5.1119 748681
5.1119 749021
5.11506 749361
5.11506 749701
5.11821 750041
5.11821 750381
5.12136 750721
5.12136 751061
5.12451 751401
5.12451 751741
5.12766 752081
5.12766 752421
5.13085 752761
5.13085 753101
5.13554 753441
5.13554 753781
5.1387 754121
5.1387 754461
5.14185 754801
5.14185 755141
5.145 755481
5.145 755821
5.14815 756161
5.14815 756501
5.1513 756841
5.1513 757181
5.15446 757521
5.15446 757861
5.15761 758201
5.15761 758541
5.16076 758881
5.16076 759221
5.16391 759561
5.16391 759901
5.16391 760241
5.1671 760581
5.1671 760921
5.17025 761261
5.17025 761601
5.17494 761941
5.17494 762281
5.1781 762621
5.1781 762961
5.19304 763301
5.19304 763641
5.19619 763981
5.19619 764321
5.19935 764661
5.19935 765001
5.2025 765341
5.2025 765681
5.20565 766021
5.20565 766361
5.2088 766701
5.2088 767041
5.21195 767381
5.21195 767721
5.21511 768061
5.21511 768401
5.21826 768741
5.21826 769081
5.22141 769421
5.22141 769761
5.2246 770101
5.2246 770441
5.22929 770781
5.22929 771121
5.23244 771461
5.23244 771801
5.23559 772141
5.23559 772481
5.23875 772821
5.23875 773161
5.2419 773501
5.2419 773841
5.24505 774181
5.24505 774521
5.2482 774861
5.2482 775201
5.25135 775541
5.25135 775881
5.25451 776221
5.25451 776561
5.25766 776901
5.25766 777241
5.26081 777581
5.26081 777921
5.26396 778261
5.26396 778601
5.26711 778941
5.26711 779281
5.27027 779621
5.27027 779961
5.28521 780301
5.28521 780641
5.28836 780981
5.28836 781321
5.29152 781661
5.29152 782001
5.29467 782341
5.29467 782681
5.29782 783021
5.29782 783361
5.30097 783701
5.30097 784041
5.30412 784381
5.30412 784721
5.30728 785061
5.30728 785401
5.31043 785741
5.31043 786081
5.31358 786421
5.31358 786761
5.31677 787101
5.31677 787441
5.32146 787781
5.32146 788121
5.32461 788461
5.32461 788801
5.32776 789141
5.32776 789481
5.33092 789821
5.33092 790161
5.33407 790501
5.33407 790841
5.33722 791181
5.33722 791521
5.34037 791861
5.34037 792201
5.34668 792541
5.34668 792881
5.34668 793221
5.34668 793561
5.34983 793901
5.34983 794241
5.35298 794581
5.35298 794921
5.35613 795261
5.35613 795601
5.35928 795941
5.35928 796281
5.36244 796621
5.36244 796961
5.37738 797301
5.37738 797641
5.38054 797981
5.38054 798321
5.38369 798661
5.38369 799001
5.38369 799341
5.38684 799681
5.38684 800021
5.38999 800361
5.38999 800701
5.39314 801041
5.39314 801381
5.3963 801721
5.3963 802061
5.39945 802401
5.39945 802741
5.4026 803081
5.4026 803421
5.40894 803761
5.40894 804101
5.40894 804441
5.40894 804781
5.41363 805121
5.41363 805461
5.41678 805801
5.41678 806141
5.41994 806481
5.41994 806821
5.42309 807161
5.42309 807501
5.42624 807841
5.42624 808181
5.42939 808521
5.42939 808861
5.43254 809201
5.43254 809541
5.43885 809881
5.43885 810221
5.442 810561
5.442 810901
5.44515 811241
5.44515 811581
5.4483 811921
5.4483 812261
5.45146 812601
5.45146 812941
5.45461 813281
5.45461 813621
5.45776 813961
5.45776 814301
5.46955 814641
5.46955 814981
5.47271 815321
5.47271 815661
5.47586 816001
5.47586 816341
5.47901 816681
5.47901 817021
5.48216 817361
5.48216 817701
5.48531 818041
5.48531 818381
5.48847 818721
5.48847 819061
5.49162 819401
5.49162 819741
5.49477 820081
5.49477 820421
5.49792 820761
5.49792 821101
5.50269 821441
5.50269 821781
5.50584 822121
5.50584 822461
5.50899 822801
5.50899 823141
5.51214 823481
5.51214 823821
5.5153 824161
5.5153 824501
5.51845 824841
5.51845 825181
5.5216 825521
5.5216 825861
5.52475 826201
5.52475 826541
5.5279 826881
5.5279 827221
5.53259 827561
5.53259 827901
5.53575 828241
5.53575 828581
5.5389 828921
5.5389 829261
5.54205 829601
5.54205 829941
5.5452 830281
5.5452 830621
5.54835 830961
5.54835 831301
5.55151 831641
5.55151 831981
5.5633 832321
5.5633 832661
5.56645 833001
5.56645 833341
5.5696 833681
5.5696 834021
5.57276 834361
5.57276 834701
5.57591 835041
5.57591 835381
5.57906 835721
5.57906 836061
5.58221 836401
5.58221 836741
5.58536 837081
5.58536 837421
5.58852 837761
5.58852 838101
5.59167 838441
5.59167 838781
5.59167 839121
5.59643 839461
5.59643 839801
5.6012 840141
5.6012 840481
5.60278 840821
5.60435 822121
5.61066 840821
5.61066 841161
5.61223 841501
5.61381 841841
5.61538 842181
5.61696 842521
5.61854 842861
5.62011 843201
5.62169 843541
5.6248 843881
5.62638 844221
5.62795 844561
5.62953 844901
5.63111 845241
5.63268 845581
5.63426 845921
5.63583 846261
5.63741 846601
5.63899 846941
5.64056 847281
5.64214 847621
5.64371 847961
5.64529 848301
5.65551 848641
5.65708 848981
5.65866 849321
5.66024 849661
5.66181 850001
5.66339 850341
5.66496 850681
5.66654 851021
5.66812 851361
5.66969 851701
5.67127 852041
5.67284 852381
5.67442 852721
5.676 853061
5.67757 853401
5.67915 853741
5.68072 854081
5.6823 854421
5.68388 854761
5.68545 855101
5.68703 855441
5.68864 855781
5.69022 856121
5.69341 856461
5.69499 856801
5.69656 857141
5.6981 857481
5.7044 857821
5.7044 858161
5.70756 858501
5.70756 858841
5.71071 859181
5.71071 859521
5.71386 859861
5.71386 860201
5.71855 860541
5.71855 860881
5.7217 861221
5.7217 861561
5.72485 861901
5.72485 862241
5.728 862581
5.728 862921
5.73116 863261
5.73116 863601
5.73431 863941
5.73431 864281
5.73746 864621
5.73746 864961
5.74926 865301
5.74926 865641
5.75241 865981
5.75241 866321
5.75556 866661
5.75556 867001
5.75871 867341
5.75871 867681
5.76186 868021
5.76186 868361
5.76502 868701
5.76502 869041
5.76817 869381
5.76817 869721
5.77132 870061
5.77132 870401
5.77447 870741
5.77447 871081
5.77762 871421
5.77762 871761
5.78081 872101
5.78081 872441
5.78558 872781
5.78558 873121
5.78873 873461
5.78873 873801
5.79657 874141
5.79657 874481
5.79973 874821
5.79973 875161
5.80288 875501
5.80288 875841
5.80603 876181
5.80603 876521
5.81072 876861
5.81072 877201
5.81387 877541
5.81387 877881
5.81702 878221
5.81702 878561
5.82018 878901
5.82018 879241
5.82333 879581
5.82333 879921
5.82648 880261
5.82648 880601
5.82963 880941
5.82963 881281
5.84143 881621
5.84143 881961
5.84458 882301
5.84458 882641
5.84773 882981
5.84773 883321
5.85088 883661
5.85088 884001
5.85403 884341
5.85403 884681
5.85719 885021
5.85719 885361
5.86034 885701
5.86034 886041
5.86349 886381
5.86349 886721
5.86664 887061
5.86664 887401
5.86979 887741
5.86979 888081
5.86979 888421
5.87298 888761
5.87298 889101
5.87775 889441
5.87775 889781
5.8809 890121
5.8809 890461
5.88874 890801
5.88874 891141
5.8919 891481
5.8919 891821
5.89505 892161
5.89505 892501
5.8982 892841
5.8982 893181
5.90289 893521
5.90289 893861
5.90604 894201
5.90604 894541
5.90919 894881
5.90919 895221
5.91235 895561
5.91235 895901
5.9155 896241
5.9155 896581
5.91865 896921
5.91865 897261
5.9218 897601
5.9218 897941
5.9336 898281
5.9336 898621
5.93675 898961
5.93675 899301
5.9399 899641
5.9399 899981
5.94305 900321
5.94305 900661
5.9462 901001
5.9462 901341
5.94936 901681
5.94936 902021
5.95251 902361
5.95251 902701
5.95566 903041
5.95566 903381
5.95881 903721
5.95881 904061
5.96196 904401
5.96196 904741
5.96512 905081
5.96512 905421
5.96827 905761
5.96827 906101
5.9715 906441
5.9715 906781
5.97465 907121
5.97465 907461
5.98249 907801
5.98249 908141
5.98564 908481
5.98564 908821
5.98879 909161
5.98879 909501
5.99195 909841
5.99195 910181
5.99664 910521
5.99664 910861
5.99979 911201
5.99979 911541
6.00294 911881
6.00294 912221
6.00609 912561
6.00609 912901
6.00924 913241
6.00924 913581
6.0124 913921
6.0124 914261
6.01555 914601
6.01555 914941
6.02734 915281
6.02734 915621
6.03049 915961
6.03049 916301
6.03365 916641
6.03365 916981
6.0368 917321
6.0368 917661
6.03995 918001
6.03995 918341
6.0431 918681
6.0431 919021
6.04625 919361
6.04625 919701
6.04941 920041
6.04941 920381
6.05256 920721
6.05256 921061
6.05571 921401
6.05571 921741
6.05886 922081
6.05886 922421
6.06201 922761
6.06201 923101
6.06524 923441
6.06524 923781
6.0684 924121
6.0684 924461
6.07624 924801
6.07624 925141
6.07939 925481
6.07939 925821
6.08254 926161
6.08254 926501
6.08569 926841
6.08569 927181
6.08569 927521
6.09038 927861
6.09038 928201
6.09353 928541
6.09353 928881
6.09669 929221
6.09669 929561
6.09984 929901
6.09984 930241
6.10299 930581
6.10299 930921
6.10614 931261
6.10614 931601
6.10929 931941
6.10929 932281
6.12109 932621
6.12109 932961
6.12424 933301
6.12424 933641
6.12739 933981
6.12739 934321
6.13054 934661
6.13054 935001
6.1337 935341
6.1337 935681
6.13685 936021
6.13685 936361
6.14 936701
6.14 937041
6.14315 937381
6.14315 937721
6.1463 938061
6.1463 938401
6.14946 938741
6.14946 939081
6.15261 939421
6.15261 939761
6.15576 940101
6.15576 940441
6.15899 940781
6.15899 941121
6.16214 941461
6.16214 941801
6.16998 942141
6.16998 942481
6.17314 942821
6.17314 943161
6.17629 943501
6.17629 943841
6.17944 944181
6.17944 944521
6.18259 944861
6.18259 945201
6.18574 945541
6.18574 945881
6.1889 946221
6.1889 946561
6.19205 946901
6.19205 947241
6.1952 947581
6.1952 947921
6.19835 948261
6.19835 948601
6.2015 948941
6.2015 949281
6.21326 949621
6.21326 949961
6.21641 950301
6.21641 950641
6.21956 950981
6.21956 951321
6.22272 951661
6.22272 952001
6.22587 952341
6.22587 952681
6.22902 953021
6.22902 953361
6.23217 953701
6.23217 954041
6.23532 954381
6.23532 954721
6.23848 955061
6.23848 955401
6.24163 955741
6.24163 956081
6.24478 956421
6.24478 956761
6.24793 957101
6.24793 957441
6.25116 957781
6.25116 958121
6.25431 958461
6.25431 958801
6.26215 959141
6.26215 959481
6.26531 959821
6.26531 960161
6.26846 960501
6.26846 960841
6.27161 961181
6.27161 961521
6.27476 961861
6.27476 962201
6.27791 962541
6.27791 962881
6.28107 963221
6.28107 963561
6.28422 963901
6.28422 964241
6.28737 964581
6.28737 964921
6.29052 965261
6.29052 965601
6.29052 965941
6.29367 966281
6.29367 966621
6.30543 966961
6.30543 967301
6.30858 967641
6.30858 967981
6.31173 968321
6.31173 968661
6.31489 969001
6.31489 969341
6.31804 969681
6.31804 970021
6.32119 970361
6.32119 970701
6.32434 971041
6.32434 971381
6.32749 971721
6.32749 972061
6.33065 972401
6.33065 972741
6.3338 973081
6.3338 973421
6.33695 973761
6.33695 974101
6.3401 974441
6.3401 974781
6.34333 975121
6.34333 975461
6.34648 975801
6.34648 976141
6.35432 976481
6.35432 976821
6.35748 977161
6.35748 977501
6.36063 977841
6.36063 978181
6.36378 978521
6.36378 978861
6.36693 979201
6.36693 979541
6.37008 979881
6.37008 980221
6.37324 980561
6.37324 980901
6.37639 981241
6.37639 981581
6.37954 981921
6.37954 982261
6.38269 982601
6.38269 982941
6.38584 983281
6.38584 983621
6.389 983961
6.389 984301
6.39918 984641
6.39918 984981
6.40233 985321
6.40233 985661
6.40548 986001
6.40548 986341
6.40863 986681
6.40863 987021
6.41178 987361
6.41178 987701
6.41494 988041
6.41494 988381
6.41809 988721
6.41809 989061
6.42124 989401
6.42124 989741
6.42439 990081
6.42439 990421
6.42754 990761
6.42754 991101
6.4307 991441
6.4307 991781
6.43385 992121
6.43385 992461
6.43708 992801
6.43708 993141
6.44023 993481
6.44023 993821
6.44807 994161
6.44807 994501
6.45122 994841
6.45122 995181
6.45437 995521
6.45437 995861
6.45753 996201
6.45753 996541
6.46068 996881
6.46068 997221
6.46383 997561
6.46383 997901
6.46698 998241
6.46698 998581
6.47013 998921
6.47013 999261
6.47329 999601
6.47329 999941
6.47644 1000281
6.47644 1000621
6.47959 1000961
6.47959 1001301
6.48274 1001641
6.48274 1001981
6.49292 1002321
6.49292 1002661
6.49607 1003001
6.49607 1003341
6.49923 1003681
6.49923 1004021
6.50238 1004361
6.50238 1004701
6.50238 1005041
6.50553 1005381
6.50553 1005721
6.50868 1006061
6.50868 1006401
6.51183 1006741
6.51183 1007081
6.51499 1007421
6.51499 1007761
6.51814 1008101
6.51814 1008441
6.52129 1008781
6.52129 1009121
6.52444 1009461
6.52444 1009801
6.52759 1010141
6.52759 1010481
6.53082 1010821
6.53082 1011161
6.53398 1011501
6.53398 1011841
6.54182 1012181
6.54182 1012521
6.54497 1012861
6.54497 1013201
6.54812 1013541
6.54812 1013881
6.55127 1014221
6.55127 1014561
6.55442 1014901
6.55442 1015241
6.55758 1015581
6.55758 1015921
6.56073 1016261
6.56073 1016601
6.56388 1016941
6.56388 1017281
6.56703 1017621
6.56703 1017961
6.57334 1018301
6.57334 1018641
6.57334 1018981
6.57334 1019321
6.57649 1019661
6.57649 1020001
6.58667 1020341
6.58667 1020681
6.58982 1021021
6.58982 1021361
6.59297 1021701
6.59297 1022041
6.59612 1022381
6.59612 1022721
6.59928 1023061
6.59928 1023401
6.60243 1023741
6.60243 1024081
6.60558 1024421
6.60558 1024761
6.61188 1025101
6.61188 1025441
6.61188 1025781
6.61188 1026121
6.61504 1026461
6.61504 1026801
6.61819 1027141
6.61819 1027481
6.62134 1027821
6.62134 1028161
6.62449 1028501
6.62449 1028841
6.62764 1029181
6.62764 1029521
6.63399 1029861
6.63399 1030201
6.63714 1030541
6.63714 1030881
6.64029 1031221
6.64029 1031561
6.64344 1031901
6.64344 1032241
6.6466 1032581
6.6466 1032921
6.64975 1033261
6.64975 1033601
6.6529 1033941
6.6529 1034281
6.65605 1034621
6.65605 1034961
6.6592 1035301
6.6592 1035641
6.66551 1035981
6.66551 1036321
6.66866 1036661
6.66866 1037001
6.67181 1037341
6.67181 1037681
6.67884 1038021
6.67884 1038361
6.68199 1038701
6.68199 1039041
6.68514 1039381
6.68514 1039721
6.6883 1040061
6.6883 1040401
6.69145 1040741
6.69145 1041081
6.6946 1041421
6.6946 1041761
6.69775 1042101
6.69775 1042441
6.70406 1042781
6.70406 1043121
6.70721 1043461
6.70721 1043801
6.71036 1044141
6.71036 1044481
6.71351 1044821
6.71351 1045161
6.71351 1045501
6.71666 1045841
6.71666 1046181
6.71982 1046521
6.71982 1046861
6.72297 1047201
6.72297 1047541
6.72616 1047881
6.72616 1048221
6.72931 1048561
6.72931 1048901
6.73246 1049241
6.73246 1049581
6.73561 1049921
6.73561 1050261
6.73877 1050601
6.73877 1050941
6.74192 1051281
6.74192 1051621
6.74507 1051961
6.74507 1052301
6.74822 1052641
6.74822 1052981
6.75137 1053321
6.75137 1053661
6.75768 1054001
6.75768 1054341
6.76083 1054681
6.76083 1055021
6.76398 1055361
6.76398 1055701
6.77101 1056041
6.77101 1056381
6.77416 1056721
6.77416 1057061
6.77731 1057401
6.77731 1057741
6.78047 1058081
6.78047 1058421
6.78362 1058761
6.78362 1059101
6.78677 1059441
6.78677 1059781
6.78992 1060121
6.78992 1060461
6.79623 1060801
6.79623 1061141
6.79938 1061481
6.79938 1061821
6.80253 1062161
6.80253 1062501
6.80568 1062841
6.80568 1063181
6.80883 1063521
6.80883 1063861
6.81199 1064201
6.81199 1064541
6.81514 1064881
6.81514 1065221
6.81829 1065561
6.81829 1065901
6.82144 1066241
6.82144 1066581
6.82459 1066921
6.82459 1067261
6.82775 1067601
6.82775 1067941
6.8309 1068281
6.8309 1068621
6.83405 1068961
6.83405 1069301
6.8372 1069641
6.8372 1069981
6.84035 1070321
6.84035 1070661
6.84351 1071001
6.84351 1071341
6.84666 1071681
6.84666 1072021
6.85142 1072361
6.85142 1072701
6.85458 1073041
6.85458 1073381
6.86476 1073721
6.86476 1074061
6.86476 1074401
6.86476 1074741
6.86791 1075081
6.86791 1075421
6.87106 1075761
6.87106 1076101
6.87421 1076441
6.87421 1076781
6.87736 1077121
6.87736 1077461
6.88052 1077801
6.88052 1078141
6.88367 1078481
6.88367 1078821
6.88997 1079161
6.88997 1079501
6.89312 1079841
6.89312 1080181
6.89628 1080521
6.89628 1080861
6.89943 1081201
6.89943 1081541
6.90258 1081881
6.90258 1082221
6.90573 1082561
6.90573 1082901
6.90888 1083241
6.90888 1083581
6.91204 1083921
6.91204 1084261
6.91204 1084601
6.91519 1084941
6.91519 1085281
6.91834 1085621
6.91834 1085961
6.92149 1086301
6.92149 1086641
6.92464 1086981
6.92464 1087321
6.9278 1087661
6.9278 1088001
6.93095 1088341
6.93095 1088681
6.9341 1089021
6.9341 1089361
6.93725 1089701
6.93725 1090041
6.9404 1090381
6.9404 1090721
6.94517 1091061
6.94517 1091401
6.94832 1091741
6.94832 1092081
6.9585 1092421
6.9585 1092761
6.96165 1093101
6.96165 1093441
6.96481 1093781
6.96481 1094121
6.96796 1094461
6.96796 1094801
6.97111 1095141
6.97111 1095481
6.97426 1095821
6.97426 1096161
6.97741 1096501
6.97741 1096841
6.98057 1097181
6.98057 1097521
6.98372 1097861
6.98372 1098201
6.98687 1098541
6.98687 1098881
6.99002 1099221
6.99002 1099561
6.99317 1099901
6.99317 1100241
6.99633 1100581
6.99633 1100921
6.99948 1101261
6.99948 1101601
7.00263 1101941
7.00263 1102281
7.00578 1102621
7.00578 1102961
7.00893 1103301
7.00893 1103641
7.01209 1103981
7.01209 1104321
7.01524 1104661
7.01524 1105001
7.01839 1105341
7.01839 1105681
7.02154 1106021
7.02154 1106361
7.02469 1106701
7.02469 1107041
7.02785 1107381
7.02785 1107721
7.031 1108061
7.031 1108401
7.03415 1108741
7.03415 1109081
7.03738 1109421
7.03896 1109761
7.04053 1090381
7.05071 1109761
7.05071 1110101
7.05229 1110441
7.05386 1110781
7.05544 1111121
7.05702 1111461
7.05859 1111801
7.06017 1112141
7.06174 1112481
7.06332 1112821
7.0649 1113161
7.06647 1113501
7.06805 1113841
7.06962 1114181
7.0712 1114521
7.07278 1114861
7.07435 1115201
7.07593 1115541
7.0775 1115881
7.07908 1116221
7.08066 1116561
7.08223 1116901
7.08381 1117241
7.08538 1117581
7.08696 1117921
7.08854 1118261
7.09011 1118601
7.09169 1118941
7.09326 1119281
7.09484 1119621
7.09642 1119961
7.09799 1120301
7.09957 1120641
7.10114 1120981
7.1043 1121321
7.1043 1121661
7.10587 1122001
7.10745 1122341
7.10902 1122681
7.1106 1123021
7.11218 1123361
7.11375 1123701
7.11533 1124041
7.1169 1124381
7.11848 1124721
7.12006 1125061
7.12163 1125401
7.12321 1125741
7.12478 1126081
7.12636 1126421
7.12794 1126761
7.12959 1127101
7.13116 1127441
7.1327 1127781
7.14446 1128121
7.14446 1128461
7.14761 1128801
7.14761 1129141
7.15076 1129481
7.15076 1129821
7.15391 1130161
7.15391 1130501
7.15707 1130841
7.15707 1131181
7.16022 1131521
7.16022 1131861
7.16337 1132201
7.16337 1132541
7.16652 1132881
7.16652 1133221
7.16967 1133561
7.16967 1133901
7.17283 1134241
7.17283 1134581
7.17598 1134921
7.17598 1135261
7.17913 1135601
7.17913 1135941
7.18228 1136281
7.18228 1136621
7.18543 1136961
7.18543 1137301
7.18859 1137641
7.18859 1137981
7.19174 1138321
7.19174 1138661
7.19647 1139001
7.19647 1139341
7.19962 1139681
7.19962 1140021
7.20277 1140361
7.20277 1140701
7.20592 1141041
7.20592 1141381
7.20907 1141721
7.20907 1142061
7.21223 1142401
7.21223 1142741
7.21538 1143081
7.21538 1143421
7.21853 1143761
7.21853 1144101
7.22168 1144441
7.22168 1144781
7.22483 1145121
7.22483 1145461
7.23663 1145801
7.23663 1146141
7.23978 1146481
7.23978 1146821
7.24293 1147161
7.24293 1147501
7.24608 1147841
7.24608 1148181
7.24924 1148521
7.24924 1148861
7.25239 1149201
7.25239 1149541
7.25554 1149881
7.25554 1150221
7.25869 1150561
7.25869 1150901
7.26184 1151241
7.26184 1151581
7.265 1151921
7.265 1152261
7.26815 1152601
7.26815 1152941
7.26815 1153281
7.2713 1153621
7.2713 1153961
7.27445 1154301
7.27445 1154641
7.2776 1154981
7.2776 1155321
7.28076 1155661
7.28076 1156001
7.28391 1156341
7.28391 1156681
7.28864 1157021
7.28864 1157361
7.29179 1157701
7.29179 1158041
7.29494 1158381
7.29494 1158721
7.29809 1159061
7.29809 1159401
7.30124 1159741
7.30124 1160081
7.3044 1160421
7.3044 1160761
7.30755 1161101
7.30755 1161441
7.3107 1161781
7.3107 1162121
7.31385 1162461
7.31385 1162801
7.317 1163141
7.317 1163481
7.3288 1163821
7.3288 1164161
7.33195 1164501
7.33195 1164841
7.3351 1165181
7.3351 1165521
7.33825 1165861
7.33825 1166201
7.34456 1166541
7.34456 1166881
7.34456 1167221
7.34456 1167561
7.34771 1167901
7.34771 1168241
7.35086 1168581
7.35086 1168921
7.35401 1169261
7.35401 1169601
7.35717 1169941
7.35717 1170281
7.36032 1170621
7.36032 1170961
7.36347 1171301
7.36347 1171641
7.36662 1171981
7.36662 1172321
7.36977 1172661
7.36977 1173001
7.37293 1173341
7.37293 1173681
7.37608 1174021
7.37608 1174361
7.37923 1174701
7.37923 1175041
7.38238 1175381
7.38238 1175721
7.38553 1176061
7.38553 1176401
7.38869 1176741
7.38869 1177081
7.39184 1177421
7.39184 1177761
7.39499 1178101
7.39499 1178441
7.39814 1178781
7.39814 1179121
7.40129 1179461
7.40129 1179801
7.40445 1180141
7.40445 1180481
7.4076 1180821
7.4076 1181161
7.41075 1181501
7.41075 1181841
7.42254 1182181
7.42254 1182521
7.4257 1182861
7.4257 1183201
7.42885 1183541
7.42885 1183881
7.432 1184221
7.432 1184561
7.4383 1184901
7.4383 1185241
7.44146 1185581
7.44146 1185921
7.44461 1186261
7.44461 1186601
7.44776 1186941
7.44776 1187281
7.45091 1187621
7.45091 1187961
7.45406 1188301
7.45406 1188641
7.45722 1188981
7.45722 1189321
7.46037 1189661
7.46037 1190001
7.46356 1190341
7.46514 1190681
7.46671 1171641
7.47144 1190681
7.47144 1191021
7.47302 1191361
7.47459 1191701
7.47617 1192041
7.47774 1192381
7.47932 1192721
7.4809 1193061
7.48247 1193401
7.48405 1193741
7.48562 1194081
7.4872 1194421
7.48878 1194761
7.49035 1195101
7.49193 1195441
7.4935 1195781
7.49508 1196121
7.49666 1196461
7.49823 1196801
7.49981 1197141
7.50138 1197481
7.50296 1197821
7.50454 1198161
7.50611 1198501
7.50769 1198841
7.51475 1199181
7.51633 1199521
7.51791 1199861
7.51948 1200201
7.52106 1200541
7.52263 1200881
7.52421 1201221
7.52579 1201561
7.53051 1201901
7.53209 1202241
7.53367 1202581
7.53524 1202921
7.53682 1203261
7.53839 1203601
7.53997 1203941
7.54155 1204281
7.54312 1204621
7.5447 1204961
7.54627 1205301
7.54785 1205641
7.54943 1205981
7.551 1206321
7.55258 1206661
7.55415 1207001
7.55577 1207341
7.55734 1207681
7.55888 1208021
7.56519 1208361
7.56519 1208701
7.56834 1209041
7.56834 1209381
7.57149 1209721
7.57149 1210061
7.57464 1210401
7.57464 1210741
7.57779 1211081
7.57779 1211421
7.58095 1211761
7.58095 1212101
7.5841 1212441
7.5841 1212781
7.58725 1213121
7.58725 1213461
7.5904 1213801
7.5904 1214141
7.59355 1214481
7.59355 1214821
7.59671 1215161
7.59671 1215501
7.59986 1215841
7.59986 1216181
7.6085 1216521
7.6085 1216861
7.61165 1217201
7.61165 1217541
7.6148 1217881
7.6148 1218221
7.61796 1218561
7.61796 1218901
7.61796 1219241
7.62426 1219581
7.62426 1219921
7.62741 1220261
7.62741 1220601
7.63056 1220941
7.63056 1221281
7.63372 1221621
7.63372 1221961
7.63687 1222301
7.63687 1222641
7.64002 1222981
7.64002 1223321
7.64317 1223661
7.64317 1224001
7.64632 1224341
7.64632 1224681
7.64951 1225021
7.64951 1225361
7.65736 1225701
7.65736 1226041
7.66051 1226381
7.66051 1226721
7.66366 1227061
7.66366 1227401
7.66681 1227741
7.66681 1228081
7.66996 1228421
7.66996 1228761
7.67312 1229101
7.67312 1229441
7.67627 1229781
7.67627 1230121
7.67942 1230461
7.67942 1230801
7.68257 1231141
7.68257 1231481
7.68572 1231821
7.68572 1232161
7.68888 1232501
7.68888 1232841
7.69203 1233181
7.69203 1233521
7.70067 1233861
7.70067 1234201
7.70382 1234541
7.70382 1234881
7.70697 1235221
7.70697 1235561
7.71013 1235901
7.71013 1236241
7.71328 1236581
7.71328 1236921
7.71801 1237261
7.71801 1237601
7.72116 1237941
7.72116 1238281
7.72431 1238621
7.72431 1238961
7.72746 1239301
7.72746 1239641
7.73061 1239981
7.73061 1240321
7.73377 1240661
7.73377 1241001
7.73692 1241341
7.73692 1241681
7.74007 1242021
7.74007 1242361
7.7433 1242701
7.74956 1243041
7.75114 1224681
7.7606 1243041
7.7606 1243381
7.76217 1243721
7.76375 1244061
7.76532 1244401
7.7669 1244741
7.76848 1245081
7.77005 1245421
7.77163 1245761
7.7732 1246101
7.77478 1246441
7.77636 1246781
7.77793 1247121
7.77951 1247461
7.78108 1247801
7.78266 1248141
7.78424 1248481
7.78581 1248821
7.79288 1249161
7.79446 1249501
7.79603 1249841
7.79761 1250181
7.79918 1250521
7.80076 1250861
7.80234 1251201
7.80391 1251541
7.80549 1251881
7.80706 1252221
7.81022 1252561
7.81179 1252901
7.81337 1253241
7.81494 1253581
7.81652 1253921
7.8181 1254261
7.81967 1254601
7.82125 1254941
7.82282 1255281
7.8244 1255621
7.82598 1255961
7.82755 1256301
7.82913 1256641
7.8307 1256981
7.83228 1257321
7.83386 1257661
7.83551 1258001
7.84177 1258341
7.84331 1258681
7.85434 1259021
7.85434 1259361
7.8575 1259701
7.8575 1260041
7.86065 1260381
7.86065 1260721
7.8638 1261061
7.8638 1261401
7.86695 1261741
7.86695 1262081
7.8701 1262421
7.8701 1262761
7.87326 1263101
7.87326 1263441
7.87641 1263781
7.87641 1264121
7.88505 1264461
7.88505 1264801
7.8882 1265141
7.8882 1265481
7.89135 1265821
7.89135 1266161
7.89451 1266501
7.89451 1266841
7.89766 1267181
7.89766 1267521
7.90239 1267861
7.90239 1268201
7.90554 1268541
7.90554 1268881
7.90869 1269221
7.90869 1269561
7.91184 1269901
7.91184 1270241
7.91499 1270581
7.91499 1270921
7.9213 1271261
7.9213 1271601
7.9213 1271941
7.9213 1272281
7.92445 1272621
7.92445 1272961
7.92768 1273301
7.92768 1273641
7.93552 1273981
7.93552 1274321
7.94809 1274661
7.94809 1275001
7.95124 1275341
7.95124 1275681
7.95439 1276021
7.95439 1276361
7.95755 1276701
7.95755 1277041
7.9607 1277381
7.9607 1277721
7.96385 1278061
7.96385 1278401
7.967 1278741
7.967 1279081
7.97015 1279421
7.97015 1279761
7.9788 1280101
7.9788 1280441
7.98195 1280781
7.98195 1281121
7.9851 1281461
7.9851 1281801
7.98825 1282141
7.98825 1282481
7.9914 1282821
7.9914 1283161
7.99613 1283501
7.99613 1283841
7.99928 1284181
7.99928 1284521
8.00244 1284861
8.00244 1285201
8.00559 1285541
8.00559 1285881
8.00874 1286221
8.00874 1286561
8.01666 1286901
8.01666 1287241
8.01823 1287581
8.01981 1271261
8.01981 1287581
8.01981 1287921
8.01981 1288261
8.01981 1288601
8.01981 1288941
8.02139 1289281
8.02296 1289621
8.02454 1289961
8.02773 1290301
8.0293 1290641
8.0403 1290981
8.04187 1291321
8.04345 1291661
8.04503 1292001
8.0466 1292341
8.04818 1292681
8.04975 1293021
8.05133 1293361
8.05291 1293701
8.05448 1294041
8.05606 1294381
8.05763 1294721
8.05921 1295061
8.06079 1295401
8.06236 1295741
8.06394 1296081
8.071 1296421
8.07258 1296761
8.07416 1297101
8.07573 1297441
8.07731 1297781
8.07888 1298121
8.08046 1298461
8.08204 1298801
8.08361 1299141
8.08519 1299481
8.08834 1299821
8.08992 1300161
8.09149 1300501
8.09307 1300841
8.09464 1301181
8.09622 1301521
8.0978 1301861
8.09937 1302201
8.10095 1302541
8.10252 1302881
8.10887 1303221
8.11044 1303561
8.11202 1303901
8.11356 1304241
8.11671 1304581
8.11671 1304921
8.11986 1305261
8.11986 1305601
8.12301 1305941
8.12301 1306281
8.12616 1306621
8.12616 1306961
8.13247 1307301
8.13247 1307641
8.13562 1307981
8.13562 1308321
8.13877 1308661
8.13877 1309001
8.14192 1309341
8.14192 1309681
8.14508 1310021
8.14508 1310361
8.14823 1310701
8.14823 1311041
8.15138 1311381
8.15138 1311721
8.15453 1312061
8.15453 1312401
8.16318 1312741
8.16318 1313081
8.16633 1313421
8.16633 1313761
8.16948 1314101
8.16948 1314441
8.17263 1314781
8.17263 1315121
8.17578 1315461
8.17578 1315801
8.18051 1316141
8.18051 1316481
8.18366 1316821
8.18366 1317161
8.18682 1317501
8.18682 1317841
8.18997 1318181
8.18997 1318521
8.19312 1318861
8.19312 1319201
8.20104 1319541
8.20104 1319881
8.20419 1320221
8.20419 1320561
8.20888 1320901
8.20888 1321241
8.21203 1321581
8.21203 1321921
8.21518 1322261
8.21518 1322601
8.21834 1322941
8.21834 1323281
8.22464 1323621
8.22464 1323961
8.22779 1324301
8.22779 1324641
8.23094 1324981
8.23094 1325321
8.2341 1325661
8.2341 1326001
8.2341 1326341
8.23725 1326681
8.23725 1327021
8.2404 1327361
8.2404 1327701
8.24355 1328041
8.24355 1328381
8.2467 1328721
8.2467 1329061
8.25535 1329401
8.25535 1329741
8.26011 1330081
8.26011 1330421
8.26169 1330761
8.26326 1313081
8.26799 1330761
8.26799 1331101
8.26957 1331441
8.27272 1331781
8.2743 1332121
8.27587 1332461
8.27745 1332801
8.27902 1333141
8.2806 1333481
8.28218 1333821
8.28375 1334161
8.28533 1334501
8.2869 1334841
8.29325 1335181
8.29482 1335521
8.2964 1335861
8.29797 1336201
8.30109 1336541
8.30266 1336881
8.30424 1337221
8.30582 1337561
8.30739 1337901
8.30897 1338241
8.31054 1338581
8.31212 1338921
8.31685 1339261
8.31842 1339601
8.32 1339941
8.32158 1340281
8.32315 1340621
8.32473 1340961
8.3263 1341301
8.32788 1341641
8.32946 1341981
8.33103 1342321
8.33261 1342661
8.33418 1343001
8.33576 1343341
8.33734 1343681
8.33891 1344021
8.34049 1344361
8.34206 1344701
8.34755 1345041
8.34913 1345381
8.35232 1345721
8.3539 1346061
8.35547 1346401
8.35701 1346741
8.36174 1347081
8.36174 1347421
8.36647 1347761
8.36647 1348101
8.36962 1348441
8.36962 1348781
8.37277 1349121
8.37277 1349461
8.37592 1349801
8.37592 1350141
8.37907 1350481
8.37907 1350821
8.38699 1351161
8.38699 1351501
8.39483 1351841
8.39483 1352181
8.39483 1352521
8.39483 1352861
8.39799 1353201
8.39799 1353541
8.40114 1353881
8.40114 1354221
8.40429 1354561
8.40429 1354901
8.41059 1355241
8.41059 1355581
8.41375 1355921
8.41375 1356261
8.4169 1356601
8.4169 1356941
8.42005 1357281
8.42005 1357621
8.4232 1357961
8.4232 1358301
8.42635 1358641
8.42635 1358981
8.42951 1359321
8.42951 1359661
8.42951 1360001
8.43266 1360341
8.43266 1360681
8.43976 1361021
8.44134 1361361
8.44453 1344361
8.44453 1361361
8.44453 1361701
8.44453 1362041
8.44453 1362381
8.44453 1362721
8.44453 1363061
8.44453 1363401
8.44453 1363741
8.44453 1364081
8.44453 1364421
8.44453 1364761
8.44453 1365101
8.44453 1365441
8.44453 1365781
8.44453 1366121
8.44453 1366461
8.44453 1366801
8.44453 1367141
8.44453 1367481
8.44611 1367821
8.44768 1368161
8.44926 1368501
8.45395 1368841
8.45552 1369181
8.45868 1369521
8.46025 1369861
8.46183 1370201
8.4634 1370541
8.46498 1370881
8.46656 1371221
8.46813 1371561
8.46971 1371901
8.47128 1372241
8.47286 1372581
8.4792 1372921
8.48078 1373261
8.48704 1373601
8.48862 1373941
8.4902 1374281
8.49177 1374621
8.49335 1374961
8.49492 1375301
8.4965 1375641
8.49808 1375981
8.49965 1376321
8.50123 1376661
8.5028 1377001
8.50438 1377341
8.50596 1377681
8.50753 1378021
8.50911 1378361
8.51068 1378701
8.51226 1379041
8.51384 1379381
8.51541 1379721
8.51699 1380061
8.51856 1380401
8.52014 1380741
8.52172 1381081
8.52329 1381421
8.52487 1381761
8.52644 1382101
8.52802 1382441
8.53197 1382781
8.53355 1383121
8.5367 1383461
8.53989 1383801
8.54147 1384141
8.54304 1361361
8.54304 1384141
8.54304 1384481
8.54304 1384821
8.54304 1385161
8.54304 1385501
8.54304 1385841
8.54304 1386181
8.54304 1386521
8.54304 1386861
8.54304 1387201
8.54304 1387541
8.54304 1387881
8.54304 1388221
8.54304 1388561
8.54304 1388901
8.54304 1389241
8.54304 1389581
8.54304 1389921
8.54304 1390261
8.54304 1390601
8.54304 1390941
8.54304 1391281
8.54304 1391621
8.54304 1391961
8.54304 1392301
8.54304 1392641
8.54304 1392981
8.54304 1393321
8.54304 1393661
8.54304 1394001
8.54304 1394341
8.54304 1394681
8.54304 1395021
8.54304 1395361
8.54304 1395701
8.54304 1396041
8.54304 1396381
8.54304 1396721
8.54304 1397061
8.54304 1397401
8.54304 1397741
8.54304 1398081
8.54304 1398421
8.54304 1398761
8.54304 1399101
8.54304 1399441
8.54304 1399781
8.54304 1400121
8.54304 1400461
8.54304 1400801
8.54304 1401141
8.54304 1401481
8.54304 1401821
8.54304 1402161
8.54304 1402501
8.54304 1402841
8.54304 1403181
8.54304 1403521
8.54304 1403861
8.54304 1404201
8.54304 1404541
8.54304 1404881
8.54304 1405221
8.54304 1405561
8.54304 1405901
8.54304 1406241
8.54304 1406581
8.54304 1406921
8.54304 1407261
8.54304 1407601
8.54304 1407941
8.54304 1408281
8.54304 1408621
8.54304 1408961
8.54304 1409301
8.54304 1409641
8.54304 1409981
8.54304 1410321
8.54304 1410661
8.54304 1411001
8.54304 1411341
8.54304 1411681
8.54304 1412021
8.54304 1412361
8.54304 1412701
8.54304 1413041
8.54304 1413381
8.54304 1413721
8.54304 1414061
8.54304 1414401
8.54304 1414741
8.54304 1415081
8.54304 1415421
8.54304 1415761
8.54304 1416101
8.54304 1416441
8.54304 1416781
8.54304 1417121
8.54304 1417461
8.54304 1417801
8.54304 1418141
8.54304 1418481
8.54304 1418821
8.54304 1419161
8.54304 1419501
8.54304 1419841
8.54304 1420181
8.54304 1420521
8.54304 1420861
8.54304 1421201
8.54304 1421541
8.54304 1421881
8.54304 1422221
8.54304 1422561
8.54304 1422901
8.54304 1423241
8.54304 1423581
8.54304 1423921
8.54304 1424261
8.54304 1424601
8.54304 1424941
8.54304 1425281
8.54304 1425621
8.54304 1425961
8.54304 1426301
8.54304 1426641
8.54304 1426981
8.54304 1427321
8.54304 1427661
8.54304 1428001
8.54304 1428341
8.54304 1428681
8.54304 1429021
8.54462 1429361
8.54619 1429701
8.54777 1430041
8.54935 1430381
8.55092 1430721
8.5525 1431061
8.55407 1431401
8.55565 1431741
8.55723 1432081
8.5588 1432421
8.56038 1432761
8.56195 1433101
8.56353 1433441
8.56511 1433781
8.56668 1434121
8.56826 1434461
8.56983 1434801
8.57141 1435141
8.57299 1435481
8.57456 1435821
8.57614 1436161
8.57771 1436501
8.57929 1436841
8.58087 1437181
8.58244 1437521
8.58402 1437861
8.58559 1438201
8.58717 1438541
8.58875 1438881
8.59032 1439221
8.5919 1439561
8.59347 1439901
8.59505 1440241
8.59663 1440581
8.5982 1440921
8.59978 1441261
8.60135 1441601
8.60293 1441941
8.60451 1442281
8.60608 1442621
8.60766 1442961
8.60923 1443301
8.61081 1443641
8.61239 1443981
8.61396 1444321
8.61554 1444661
8.61711 1445001
8.61869 1445341
8.62027 1445681
8.62184 1446021
8.62342 1446361
8.62499 1446701
8.62657 1447041
8.62815 1447381
8.62972 1447721
8.6313 1448061
8.63287 1448401
8.63445 1448741
8.63603 1449081
8.6376 1449421
8.63918 1449761
8.64075 1450101
8.64233 1450441
8.64387 1450781
8.64702 1451121
8.64702 1451461
8.65017 1451801
8.65017 1452141
8.65332 1452481
8.65332 1452821
8.65648 1453161
8.65648 1453501
8.65963 1453841
8.65963 1454181
8.66278 1454521
8.66278 1454861
8.66593 1455201
8.66593 1455541
8.66908 1455881
8.66908 1456221
8.67224 1456561
8.67224 1456901
8.67539 1457241
8.67539 1457581
8.67854 1457921
8.67854 1458261
8.68169 1458601
8.68169 1458941
8.68484 1459281
8.68484 1459621
8.688 1459961
8.688 1460301
8.69115 1460641
8.69115 1460981
8.6943 1461321
8.6943 1461661
8.69749 1462001
8.69907 1462341
8.70064 1395021
8.874 1462341
8.874 1462681
8.87558 1463021
8.87715 1463361
8.87873 1463701
8.88031 1464041
8.88188 1464381
8.88346 1464721
8.88503 1465061
8.88661 1465401
8.88819 1465741
8.88976 1466081
8.89134 1466421
8.89291 1466761
8.89449 1467101
8.89607 1467441
8.89764 1467781
8.89922 1468121
8.90079 1468461
8.90237 1468801
8.90395 1469141
8.90552 1469481
8.9071 1469821
8.91025 1470161
8.91025 1470501
8.91183 1470841
8.9134 1471181
8.91498 1471521
8.91655 1471861
8.91813 1472201
8.91971 1472541
8.92128 1472881
8.92286 1473221
8.92443 1473561
8.92601 1473901
8.92759 1474241
8.92916 1474581
8.93074 1474921
8.93231 1475261
8.93389 1475601
8.93547 1475941
8.93704 1476281
8.93862 1476621
8.94019 1476961
8.94177 1477301
8.94335 1477641
8.94492 1477981
8.9465 1478321
8.94807 1478661
8.94965 1479001
8.95123 1479341
8.9528 1479681
8.95438 1480021
8.95595 1480361
8.95753 1480701
8.95911 1481041
8.96068 1481381
8.96226 1481721
8.96383 1482061
8.96541 1482401
8.96699 1482741
8.96856 1483081
8.97014 1483421
8.97171 1483761
8.97329 1484101
8.97487 1484441
8.97644 1484781
8.97802 1485121
8.97959 1485461
8.98117 1485801
8.98275 1486141
8.98432 1486481
8.9859 1486821
8.98747 1487161
8.98905 1487501
8.99063 1487841
8.9922 1488181
8.99378 1488521
8.99535 1488861
8.99693 1489201
8.99851 1489541
9.00008 1489881
9.00166 1490221
9.00323 1490561
9.00481 1490901
9.00639 1491241
9.00792 1491581
9.01108 1491921
9.01108 1492261
9.01423 1492601
9.01423 1492941
9.01738 1493281
9.01738 1493621
9.02053 1493961
9.02053 1494301
9.02368 1494641
9.02368 1494981
9.02684 1495321
9.02684 1495661
9.02999 1496001
9.02999 1496341
9.02999 1496681
9.03314 1497021
9.03314 1497361
9.03629 1497701
9.03629 1498041
9.03944 1498381
9.03944 1498721
9.0426 1499061
9.0426 1499401
9.04575 1499741
9.04575 1500081
9.0489 1500421
9.0489 1500761
9.05205 1501101
9.05205 1501441
9.0552 1501781
9.0552 1502121
9.05836 1502461
9.05836 1502801
9.06151 1503141
9.06151 1503481
9.06466 1503821
9.06466 1504161
9.06781 1504501
9.06781 1504841
9.07096 1505181
9.07096 1505521
9.07412 1505861
9.07412 1506201
9.07727 1506541
9.07727 1506881
9.08042 1507221
9.08042 1507561
9.08357 1507901
9.08357 1508241
9.08672 1508581
9.08672 1508921
9.08988 1509261
9.08988 1509601
9.09303 1509941
9.09303 1510281
9.09618 1510621
9.09618 1510961
9.09933 1511301
9.09933 1511641
9.10248 1511981
9.10248 1512321
9.10564 1512661
9.10564 1513001
9.10879 1513341
9.10879 1513681
9.11194 1514021
9.11194 1514361
9.11509 1514701
9.11509 1515041
9.11824 1515381
9.11824 1515721
9.1214 1516061
9.1214 1516401
9.12455 1516741
9.12455 1517081
9.1277 1517421
9.1277 1517761
9.13085 1518101
9.13085 1518441
9.134 1518781
9.134 1519121
9.13716 1519461
9.13716 1519801
9.14031 1520141
9.14031 1520481
9.14346 1520821
9.14346 1521161
9.14661 1521501
9.14661 1521841
9.14976 1522181
9.14976 1522521
9.15292 1522861
9.15292 1523201
9.15607 1523541
9.15607 1523881
9.15922 1524221
9.15922 1524561
9.16237 1524901
9.16237 1525241
9.16552 1525581
9.16552 1525921
9.16868 1526261
9.16868 1526601
9.17183 1526941
9.17183 1527281
9.17498 1527621
9.17498 1527961
9.17813 1528301
9.17813 1528641
9.18128 1528981
9.18128 1529321
9.18444 1529661
9.18444 1530001
9.18759 1530341
9.18759 1530681
9.19074 1531021
9.19074 1531361
9.19389 1531701
9.19389 1532041
9.19704 1532381
9.19704 1532721
9.2002 1533061
9.2002 1533401
9.20335 1533741
9.20335 1534081
9.2065 1534421
9.2065 1534761
9.20965 1535101
9.20965 1535441
9.2128 1535781
9.2128 1536121
9.21596 1536461
9.21596 1536801
9.21911 1537141
9.21911 1537481
9.22226 1537821
9.22226 1538161
9.22541 1538501
9.22541 1538841
9.22856 1539181
9.22856 1539521
9.23172 1539861
9.23172 1540201
9.23487 1540541
9.23487 1540881
9.23802 1541221
9.23802 1541561
9.24117 1541901
9.24117 1542241
9.24432 1542581
9.24432 1542921
9.24748 1543261
9.24748 1543601
9.25063 1543941
9.25063 1544281
9.25378 1544621
9.25378 1544961
9.25693 1545301
9.25693 1545641
9.26008 1545981
9.26008 1546321
9.26324 1546661
9.26324 1547001
9.26639 1547341
9.26639 1547681
9.26954 1548021
9.26954 1548361
9.27269 1548701
9.27269 1549041
9.27584 1549381
9.27584 1549721
9.279 1550061
9.279 1550401
9.28215 1550741
9.28215 1551081
9.2853 1551421
9.2853 1551761
9.28845 1552101
9.28845 1552441
9.2916 1552781
9.2916 1553121
9.29476 1553461
9.29476 1553801
9.29791 1554141
9.29791 1554481
9.30106 1554821
9.30106 1555161
9.30421 1555501
9.30421 1555841
9.30736 1556181
9.30736 1556521
9.31052 1556861
9.31052 1557201
9.31367 1557541
9.31367 1557881
9.31682 1558221
9.31682 1558561
9.31997 1558901
9.31997 1559241
9.32312 1559581
9.32312 1559921
9.32628 1560261
9.32628 1560601
9.32943 1560941
9.32943 1561281
9.33258 1561621
9.33258 1561961
9.33573 1562301
9.33573 1562641
9.33888 1562981
9.33888 1563321
9.34204 1563661
9.34204 1564001
9.34519 1564341
9.34519 1564681
9.34834 1565021
9.34834 1565361
9.35149 1565701
9.35149 1566041
9.35464 1566381
9.35464 1566721
9.3578 1567061
9.3578 1567401
9.36095 1567741
9.36095 1568081
9.3641 1568421
9.3641 1568761
9.36725 1569101
9.36725 1569441
9.3704 1569781
9.3704 1570121
9.37356 1570461
9.37356 1570801
9.37671 1571141
9.37671 1571481
9.37986 1571821
9.37986 1572161
9.38301 1572501
9.38301 1572841
9.38616 1573181
9.38616 1573521
9.38616 1573861
9.38932 1574201
9.38932 1574541
9.39247 1574881
9.39247 1575221
9.39562 1575561
9.39562 1575901
9.39877 1576241
9.39877 1576581
9.40192 1576921
9.40192 1577261
9.40508 1577601
9.40508 1577941
9.40823 1578281
9.40823 1578621
9.41138 1578961
9.41138 1579301
9.41453 1579641
9.41453 1579981
9.41768 1580321
9.41768 1580661
9.42084 1581001
9.42084 1581341
9.42399 1581681
9.42399 1582021
9.42714 1582361
9.42714 1582701
9.43029 1583041
9.43029 1583381
9.43344 1583721
9.43344 1584061
9.4366 1584401
9.4366 1584741
9.43975 1585081
9.43975 1585421
9.4429 1585761
9.4429 1586101
9.44605 1586441
9.44605 1586781
9.4492 1587121
9.4492 1587461
9.45236 1587801
9.45236 1588141
9.45551 1588481
9.45551 1588821
9.45866 1589161
9.45866 1589501
9.46181 1589841
9.46181 1590181
9.46496 1590521
9.46496 1590861
9.46812 1591201
9.46812 1591541
9.47127 1591881
9.47127 1592221
9.47442 1592561
9.47442 1592901
9.47757 1593241
9.47757 1593581
9.48072 1593921
9.48072 1594261
9.48388 1594601
9.48388 1594941
9.48703 1595281
9.48703 1595621
9.49018 1595961
9.49018 1596301
9.49333 1596641
9.49333 1596981
9.49648 1597321
9.49648 1597661
9.49964 1598001
9.49964 1598341
9.50279 1598681
9.50279 1599021
9.50594 1599361
9.50594 1599701
9.50909 1600041
9.50909 1600381
9.51224 1600721
9.51224 1601061
9.5154 1601401
9.5154 1601741
9.51855 1602081
9.51855 1602421
9.5217 1602761
9.5217 1603101
9.52485 1603441
9.52485 1603781
9.528 1604121
9.528 1604461
9.53116 1604801
9.53116 1605141
9.53431 1605481
9.53431 1605821
9.53746 1606161
9.53746 1606501
9.54065 1606841
9.54223 1607181
9.5438 1576581
9.59896 1607181
9.59896 1607521
9.60054 1607861
9.60211 1608201
9.60369 1608541
9.60527 1608881
9.60684 1609221
9.61161 1609561
9.61161 1609901
9.61318 1610241
9.61476 1591881
9.61476 1592221
9.61476 1610241
9.61476 1610581
9.61634 1610921
9.61791 1611261
9.61949 1611601
9.62106 1611941
9.62264 1612281
9.62422 1612621
9.62579 1612961
9.62737 1613301
9.62894 1613641
9.63052 1613981
9.6321 1614321
9.63367 1614661
9.63525 1615001
9.63682 1615341
9.6384 1615681
9.63998 1616021
9.64155 1616361
9.64313 1616701
9.6447 1617041
9.64628 1617381
9.64786 1617721
9.64943 1618061
9.65101 1618401
9.65258 1618741
9.65416 1619081
9.65574 1619421
9.65731 1619761
9.65889 1620101
9.66046 1620441
9.66204 1620781
9.66362 1621121
9.66519 1621461
9.66677 1621801
9.66834 1622141
9.66992 1622481
9.6715 1622821
9.67307 1623161
9.67465 1623501
9.67622 1623841
9.6778 1624181
9.67938 1624521
9.68091 1624861
9.69117 1625201
9.69275 1625541
9.69432 1625881
9.6959 1626221
9.69748 1626561
9.69905 1626901
9.70382 1627241
9.70539 1627581
9.70697 1627921
9.70851 1628261
9.71166 1628601
9.71166 1628941
9.71481 1629281
9.71481 1629621
9.71796 1629961
9.71796 1630301
9.72112 1630641
9.72112 1630981
9.72427 1631321
9.72427 1631661
9.72742 1632001
9.72742 1632341
9.73057 1632681
9.73057 1633021
9.73372 1633361
9.73372 1633701
9.73688 1634041
9.73688 1634381
9.74003 1634721
9.74003 1635061
9.74318 1635401
9.74318 1635741
9.74633 1636081
9.74633 1636421
9.74948 1636761
9.74948 1637101
9.75264 1637441
9.75264 1637781
9.75579 1638121
9.75579 1638461
9.75894 1638801
9.75894 1639141
9.76209 1639481
9.76209 1639821
9.76524 1640161
9.76524 1640501
9.7684 1640841
9.7684 1641181
9.77155 1641521
9.77155 1641861
9.7747 1642201
9.7747 1642541
9.78334 1642881
9.78334 1643221
9.78649 1643561
9.78649 1643901
9.78965 1644241
9.78965 1644581
9.79599 1644921
9.79599 1645261
9.79914 1645601
9.79914 1645941
9.79914 1646281
9.80383 1646621
9.80383 1646961
9.80698 1647301
9.80698 1647641
9.81013 1647981
9.81013 1648321
9.81329 1648661
9.81329 1649001
9.81644 1649341
9.81644 1649681
9.81959 1650021
9.81959 1650361
9.82274 1650701
9.82274 1651041
9.82589 1651381
9.82589 1651721
9.82905 1652061
9.82905 1652401
9.8322 1652741
9.8322 1653081
9.83535 1653421
9.83535 1653761
9.8385 1654101
9.8385 1654441
9.84165 1654781
9.84165 1655121
9.84481 1655461
9.84481 1655801
9.84796 1656141
9.84796 1656481
9.85111 1656821
9.85111 1657161
9.85426 1657501
9.85426 1657841
9.85741 1658181
9.85741 1658521
9.86057 1658861
9.86057 1659201
9.86533 1659541
9.86533 1659881
9.86691 1660221
9.86848 1641181
9.87713 1660221
9.87713 1660561
9.8787 1660901
9.88028 1661241
9.88185 1661581
9.88343 1661921
9.8882 1662261
9.88977 1662601
9.89135 1662941
9.89292 1663281
9.8945 1663621
9.89608 1663961
9.89765 1664301
9.89923 1664641
9.9008 1664981
9.90238 1665321
9.90396 1665661
9.90553 1666001
9.90711 1666341
9.90868 1666681
9.91026 1667021
9.91184 1667361
9.91341 1667701
9.91499 1668041
9.91656 1668381
9.91814 1668721
9.91972 1669061
9.92129 1669401
9.92287 1669741
9.92444 1670081
9.92602 1670421
9.9276 1670761
9.92917 1671101
9.93075 1671441
9.93232 1671781
9.9339 1672121
9.93548 1672461
9.93705 1672801
9.93863 1673141
9.9402 1673481
9.94178 1673821
9.94336 1674161
9.94493 1674501
9.94651 1674841
9.94808 1675181
9.94966 1675521
9.95124 1675861
9.95281 1676201
9.95439 1676541
9.95754 1676881
9.95912 1677221
9.96069 1677561
9.96223 1677901
9.97087 1678241
9.97087 1678581
9.97402 1678921
9.97402 1679261
9.98037 1679601
9.98037 1679941
9.98352 1680281
9.98352 1680621
9.98982 1680961
9.98982 1681301
9.98982 1681641
9.98982 1681981
9.99298 1682321
9.99298 1682661
9.99613 1683001
9.99613 1683341
9.99928 1683681
9.99928 1684021
10.0024 1684361
10.0024 1684701
10.0056 1685041
10.0056 1685381
10.0087 1685721
10.0087 1686061
10.0119 1686401
10.0119 1686741
10.015 1687081
10.015 1687421
10.0182 1687761
10.0182 1688101
10.0213 1688441
10.0213 1688781
10.0245 1689121
10.0245 1689461
10.0276 1689801
10.0276 1690141
10.0308 1690481
10.0308 1690821
10.034 1691161
10.034 1691501
10.0371 1691841
10.0371 1692181
10.0403 1692521
10.0403 1692861
10.0434 1693201
10.0434 1693541
10.0466 1693881
10.0466 1694221
10.0513 1694561
10.0513 1694901
10.0544 1695241
10.0544 1695581
10.0646 1695921
10.0646 1696261
10.0678 1696601
10.0678 1696941
10.0741 1697281
10.0741 1697621
10.0773 1697961
10.0773 1698301
10.0836 1698641
10.0836 1698981
10.0867 1699321
10.0867 1699661
10.0899 1700001
10.0899 1700341
10.093 1700681
10.093 1701021
10.0962 1701361
10.0962 1701701
10.0993 1702041
10.0993 1702381
