0.137521 341
0.139097 681
0.140673 1021
0.142249 1361
0.143825 1701
0.145401 2041
0.247028 2381
0.247028 2721
0.247028 3061
0.247028 3401
0.247028 3741
0.247028 4081
0.247028 4421
0.247028 4761
0.247028 5101
0.247028 5441
0.247028 5781
0.247028 6121
0.247028 6461
0.247028 6801
0.247028 7141
0.248604 7481
0.25018 7821
0.251756 8161
0.253332 8501
0.254908 8841
0.256484 9181
0.25806 9521
0.259636 9861
0.261212 10201
0.3219 10541
0.323476 10881
0.325052 11221
0.326628 11561
0.328204 11901
0.32978 12241
0.331356 12581
0.332932 12921
0.334508 13261
0.336084 13601
0.33766 13941
0.339236 14281
0.34235 14621
0.343926 14961
0.345502 15301
0.347078 15641
0.348654 15981
0.35023 16321
0.351806 16661
0.353382 17001
0.354958 17341
0.414071 17681
0.415647 18021
0.417223 18361
0.418799 18701
0.420375 19041
0.421951 19381
0.423527 19721
0.425103 20061
0.426679 20401
0.428255 20741
0.429831 21081
0.431407 21421
0.43452 21761
0.436096 22101
0.437672 22441
0.439248 22781
0.440824 23121
0.4424 23461
0.443976 23801
0.445552 24141
0.447128 24481
0.448704 24821
0.507817 25161
0.509393 25501
0.510969 25841
0.512545 26181
0.514121 26521
0.515697 26861
0.517273 27201
0.518849 27541
0.520425 27881
0.522001 28221
0.528267 28561
0.529843 28901
0.531419 29241
0.532995 29581
0.534571 29921
0.536147 30261
0.537723 30601
0.539299 30941
0.540875 31281
0.542451 31621
0.544027 31961
0.545603 32301
0.547179 32641
0.601564 32981
0.60314 33321
0.604716 33661
0.606292 34001
0.607868 34341
0.609444 34681
0.61102 35021
0.612596 35361
0.614172 35701
0.615748 36041
0.622013 36381
0.623589 36721
0.625165 37061
0.626741 37401
0.628317 37741
0.629893 38081
0.631469 38421
0.633045 38761
0.634621 39101
0.636197 39441
0.637773 39781
0.639349 40121
0.693734 40461
0.69531 40801
0.696886 41141
0.698462 41481
0.700038 41821
0.701614 42161
0.70319 42501
0.704766 42841
0.706342 43181
0.707918 43521
0.714184 43861
0.71576 44201
0.717336 44541
0.718912 44881
0.720488 45221
0.722064 45561
0.72364 45901
0.725216 46241
0.726792 46581
0.728368 46921
0.729944 47261
0.73152 47601
0.785904 47941
0.78748 48281
0.789056 48621
0.790632 48961
0.792208 49301
0.793784 49641
0.79536 49981
0.796936 50321
0.798512 50661
0.800088 51001
0.801664 51341
0.806354 51681
0.80793 52021
0.809506 52361
0.811082 52701
0.812658 53041
0.814234 53381
0.81581 53721
0.817386 54061
0.818962 54401
0.820538 54741
0.822114 55081
0.82369 55421
0.878075 55761
0.879651 56101
0.881227 56441
0.882803 56781
0.884379 57121
0.885955 57461
0.887531 57801
0.889107 58141
0.890683 58481
0.892259 58821
0.893835 59161
0.895411 59501
0.9001 59841
0.901676 60181
0.903252 60521
0.904828 60861
0.906404 61201
0.90798 61541
0.909556 61881
0.911132 62221
0.912708 62561
0.914284 62901
0.91586 63241
0.917436 63581
0.971821 63921
0.973397 64261
0.974973 64601
0.976549 64941
0.978125 65281
0.979701 65621
0.981277 65961
0.982853 66301
0.984429 66641
0.986005 66981
0.987581 67321
0.989157 67661
0.990733 68001
0.993847 68341
0.995423 68681
0.996999 69021
0.998575 69361
1.00015 69701
1.00173 70041
1.0033 70381
1.00488 70721
1.00645 71061
1.00803 71401
1.00961 71741
1.01118 72081
1.06557 72421
1.06714 72761
1.06872 73101
1.0703 73441
1.07187 73781
1.07345 74121
1.07502 74461
1.0766 74801
1.07818 75141
1.07975 75481
1.08133 75821
1.0829 76161
1.08602 76501
1.08759 76841
1.08917 77181
1.09075 77521
1.09232 77861
1.0939 78201
1.09547 78541
1.09705 78881
1.09863 79221
1.1002 79561
1.10178 79901
1.10335 80241
1.15774 80581
1.15931 80921
1.16089 81261
1.16247 81601
1.16404 81941
1.16562 82281
1.16719 82621
1.16877 82961
1.17035 83301
1.17192 83641
1.1735 83981
1.17507 84321
1.17819 84661
1.17976 85001
1.18134 85341
1.18292 85681
1.18449 86021
1.18607 86361
1.18764 86701
1.18922 87041
1.1908 87381
1.19237 87721
1.19395 88061
1.19552 88401
1.1971 88741
1.24991 89081
1.25148 89421
1.25306 89761
1.25464 90101
1.25621 90441
1.25779 90781
1.25936 91121
1.26094 91461
1.26252 91801
1.26409 92141
1.26567 92481
1.26724 92821
1.27036 93161
1.27193 93501
1.27351 93841
1.27509 94181
1.27666 94521
1.27824 94861
1.27981 95201
1.28139 95541
1.28297 95881
1.28454 96221
1.28612 96561
1.28769 96901
1.28927 97241
1.29085 97581
1.34365 97921
1.34523 98261
1.34681 98601
1.34838 98941
1.34996 99281
1.35153 99621
1.35311 99961
1.35469 100301
1.35626 100641
1.35784 100981
1.35941 101321
1.36099 101661
1.3641 102001
1.36568 102341
1.36726 102681
1.36883 103021
1.37041 103361
1.37198 103701
1.37356 104041
1.37514 104381
1.37671 104721
1.37829 105061
1.37986 105401
1.38144 105741
1.38302 106081
1.38459 106421
1.38617 106761
1.4374 107101
1.43898 107441
1.44055 107781
1.44213 108121
1.44371 108461
1.44528 108801
1.44686 109141
1.44843 109481
1.45001 109821
1.45159 110161
1.45316 110501
1.45474 110841
1.45785 111181
1.45943 111521
1.461 111861
1.46258 112201
1.46415 112541
1.46573 112881
1.46731 113221
1.46888 113561
1.47046 113901
1.47203 114241
1.47676 114581
1.47834 114921
1.47991 115261
1.48149 115601
1.52957 115941
1.53115 116281
1.53272 116621
1.5343 116961
1.53588 117301
1.53745 117641
1.53903 117981
1.5406 118321
1.54218 118661
1.54376 119001
1.54533 119341
1.54691 119681
1.55002 120021
1.5516 120361
1.55317 120701
1.55475 121041
1.55633 121381
1.5579 121721
1.55948 122061
1.56105 122401
1.56263 122741
1.56421 123081
1.56893 123421
1.57051 123761
1.57209 124101
1.57366 124441
1.62174 124781
1.62332 125121
1.62489 125461
1.62647 125801
1.62805 126141
1.62962 126481
1.6312 126821
1.63277 127161
1.63435 127501
1.63593 127841
1.6375 128181
1.63908 128521
1.64065 128861
1.64223 129201
1.64381 129541
1.64538 129881
1.64696 130221
1.64853 130561
1.65011 130901
1.65169 131241
1.65326 131581
1.65484 131921
1.65641 132261
1.6611 132601
1.66268 132941
1.66426 133281
1.66583 133621
1.71391 133961
1.71549 134301
1.71706 134641
1.71864 134981
1.72022 135321
1.72179 135661
1.72337 136001
1.72494 136341
1.72652 136681
1.7281 137021
1.72967 137361
1.73125 137701
1.73282 138041
1.7344 138381
1.73598 138721
1.73755 139061
1.73913 139401
1.7407 139741
1.74228 140081
1.74386 140421
1.74543 140761
1.74701 141101
1.74858 141441
1.75016 141781
1.75485 142121
1.75643 142461
1.758 142801
1.75958 143141
1.80766 143481
1.80923 143821
1.81081 144161
1.81239 144501
1.81396 144841
1.81554 145181
1.81711 145521
1.81869 145861
1.82027 146201
1.82184 146541
1.82342 146881
1.82499 147221
1.82657 147561
1.82815 147901
1.82972 148241
1.8313 148581
1.83287 148921
1.83445 149261
1.83603 149601
1.8376 149941
1.83918 150281
1.84075 150621
1.84233 150961
1.84391 151301
1.84548 151641
1.8486 151981
1.85017 152321
1.85175 152661
1.85332 153001
1.90141 153341
1.90298 153681
1.90456 154021
1.90613 154361
1.91086 154701
1.91244 155041
1.91401 155381
1.91559 155721
1.91717 156061
1.91874 156401
1.92032 156741
1.92189 157081
1.92347 157421
1.92505 157761
1.92662 158101
1.9282 158441
1.92977 158781
1.93135 159121
1.93293 159461
1.9345 159801
1.93608 160141
1.93765 160481
1.93923 160821
1.94081 161161
1.94238 161501
1.94396 161841
1.94553 162181
1.94711 162521
1.99358 162861
1.99515 163201
1.99673 163541
1.9983 163881
2.00303 164221
2.00461 164561
2.00618 164901
2.00776 165241
2.00934 165581
2.01091 165921
2.01249 166261
2.01406 166601
2.01564 166941
2.01722 167281
2.01879 167621
2.02037 167961
2.02194 168301
2.02352 168641
2.0251 168981
2.02667 169321
2.02825 169661
2.02982 170001
2.0314 170341
2.03298 170681
2.03455 171021
2.03613 171361
2.0377 171701
2.03928 172041
2.04086 172381
2.08575 172721
2.08732 173061
2.0889 173401
2.09047 173741
2.0952 174081
2.09678 174421
2.09835 174761
2.09993 175101
2.10151 175441
2.10308 175781
2.10466 176121
2.10623 176461
2.10781 176801
2.10939 177141
2.11096 177481
2.11254 177821
2.11411 178161
2.11569 178501
2.11727 178841
2.11884 179181
2.12042 179521
2.12199 179861
2.12357 180201
2.12515 180541
2.12672 180881
2.1283 181221
2.12987 181561
2.13145 181901
2.13303 182241
2.1346 182581
2.17949 182921
2.18107 183261
2.18264 183601
2.18422 183941
2.18895 184281
2.19052 184621
2.1921 184961
2.19368 185301
2.19525 185641
2.19683 185981
2.1984 186321
2.19998 186661
2.20156 187001
2.20313 187341
2.20471 187681
2.20628 188021
2.20786 188361
2.20944 188701
2.21101 189041
2.21259 189381
2.21416 189721
2.21574 190061
2.21732 190401
2.21889 190741
2.22047 191081
2.22204 191421
2.22362 191761
2.2252 192101
2.22677 192441
2.22835 192781
2.22992 193121
2.27324 193461
2.27481 193801
2.27639 194141
2.27797 194481
2.28269 194821
2.28427 195161
2.28585 195501
2.28742 195841
2.289 196181
2.29057 196521
2.29215 196861
2.29373 197201
2.2953 197541
2.29688 197881
2.29845 198221
2.30003 198561
2.30161 198901
2.30318 199241
2.30476 199581
2.30633 199921
2.30791 200261
2.30949 200601
2.31106 200941
2.31264 201281
2.31421 201621
2.31579 201961
2.31737 202301
2.31894 202641
2.32052 202981
2.32209 203321
2.36541 203661
2.36699 204001
2.36856 204341
2.37014 204681
2.37487 205021
2.37644 205361
2.37802 205701
2.37959 206041
2.38117 206381
2.38275 206721
2.38432 207061
2.3859 207401
2.38747 207741
2.38905 208081
2.39063 208421
2.3922 208761
2.39378 209101
2.39535 209441
2.39693 209781
2.39851 210121
2.40008 210461
2.40166 210801
2.40323 211141
2.40481 211481
2.40639 211821
2.40796 212161
2.40954 212501
2.41111 212841
2.41269 213181
2.41427 213521
2.41584 213861
2.45758 214201
2.45916 214541
2.46073 214881
2.46231 215221
2.46704 215561
2.46861 215901
2.47019 216241
2.47176 216581
2.47334 216921
2.57343 217261
2.57343 217601
2.57343 217941
2.57343 218281
2.57343 218621
2.57343 218961
2.57343 219301
2.57343 219641
2.57343 219981
2.57343 220321
2.57343 220661
2.57343 221001
2.57343 221341
2.57343 221681
2.57343 222021
2.57343 222361
2.57343 222701
2.57343 223041
2.57343 223381
2.57343 223721
2.57343 224061
2.57343 224401
2.57343 224741
2.57343 225081
2.57343 225421
2.57343 225761
2.57343 226101
2.57343 226441
2.57343 226781
2.57343 227121
2.57343 227461
2.57343 227801
2.57343 228141
2.57343 228481
2.575 228821
2.57658 229161
2.57816 229501
2.57973 229841
2.58131 230181
2.58288 230521
2.58446 230861
2.58604 231201
2.68455 231541
2.68455 231881
2.68455 232221
2.68455 232561
2.68455 232901
2.68455 233241
2.68455 233581
2.68455 233921
2.68455 234261
2.68455 234601
2.68455 234941
2.68455 235281
2.68455 235621
2.68455 235961
2.68455 236301
2.68455 236641
2.68455 236981
2.68455 237321
2.68455 237661
2.68455 238001
2.68455 238341
2.68455 238681
2.68455 239021
2.68455 239361
2.68455 239701
2.68455 240041
2.68455 240381
2.68455 240721
2.68455 241061
2.68455 241401
2.68455 241741
2.68455 242081
2.68455 242421
2.68455 242761
2.68455 243101
2.68455 243441
2.68455 243781
2.68455 244121
2.68455 244461
2.68455 244801
2.68455 245141
2.68455 245481
2.68455 245821
2.68455 246161
2.68455 246501
2.68455 246841
2.68455 247181
2.68613 247521
2.6877 247861
2.68928 248201
2.69085 248541
2.69243 248881
2.69401 249221
2.69558 249561
2.69716 249901
2.69873 250241
2.70031 250581
2.70189 250921
2.70346 251261
2.70504 251601
2.70661 251941
2.70819 252281
2.70977 252621
2.71134 252961
2.71292 253301
2.71449 253641
2.71607 253981
2.71765 254321
2.71922 254661
2.7208 255001
2.72237 255341
2.72395 255681
2.72553 256021
2.7271 256361
2.72868 256701
2.73025 257041
2.73183 257381
2.73341 257721
2.73498 258061
2.73656 258401
2.73813 258741
2.73971 259081
2.74129 259421
2.74286 259761
2.74444 260101
2.74601 260441
2.74759 260781
2.74917 261121
2.75074 261461
2.75232 261801
2.75389 262141
2.75547 262481
2.75705 262821
2.75862 263161
2.7602 263501
2.76177 263841
2.76335 264181
2.76493 264521
2.7665 264861
2.76808 265201
2.76965 265541
2.77123 265881
2.77281 266221
2.77438 266561
2.77596 266901
2.77753 267241
2.77911 267581
2.78069 267921
2.78226 268261
2.78384 268601
2.78541 268941
2.78699 269281
2.78857 269621
2.79014 269961
2.79172 270301
2.79329 270641
2.79487 270981
2.79645 271321
2.79802 271661
2.7996 272001
2.80117 272341
2.80275 272681
2.80433 273021
2.8059 273361
2.80748 273701
2.80905 274041
2.81063 274381
2.81221 274721
2.81378 275061
2.81536 275401
2.81693 275741
2.81851 276081
2.82009 276421
2.82166 276761
2.82324 277101
2.82481 277441
2.82639 277781
2.82797 278121
2.82954 278461
2.83112 278801
2.83269 279141
2.83427 279481
2.83585 279821
2.83742 280161
2.839 280501
2.84057 280841
2.84215 281181
2.84373 281521
2.8453 281861
2.84688 282201
2.84845 282541
2.85003 282881
2.85161 283221
2.85318 283561
2.85476 283901
2.85633 284241
2.85791 284581
2.85949 284921
2.86106 285261
2.86264 285601
2.86421 285941
2.86579 286281
2.86737 286621
2.86894 286961
2.87052 287301
2.87209 287641
2.87367 287981
2.87525 288321
2.87682 288661
2.8784 289001
2.87997 289341
2.88155 289681
2.88313 290021
2.8847 290361
2.88628 290701
2.88785 291041
2.88943 291381
2.89101 291721
2.89258 292061
2.89416 292401
2.89573 292741
2.89731 293081
2.89889 293421
2.90046 293761
2.90204 294101
2.90361 294441
2.90519 294781
2.90677 295121
2.90834 295461
2.90992 295801
2.91149 296141
2.91307 296481
2.91465 296821
2.91622 297161
2.9178 297501
2.91937 297841
2.92095 298181
2.92253 298521
2.9241 298861
2.92568 299201
2.92725 299541
2.92883 299881
2.93041 300221
2.93198 300561
2.93356 300901
2.93513 301241
2.93671 301581
2.93829 301921
2.93986 302261
2.94144 302601
2.94301 302941
2.94459 303281
2.94617 303621
2.94774 303961
2.94932 304301
2.95089 304641
2.95247 304981
2.95405 305321
2.95562 305661
2.9572 306001
2.95877 306341
2.96035 306681
2.96193 307021
2.9635 307361
2.96508 307701
2.96665 308041
2.96823 308381
2.96981 308721
2.97138 309061
2.97296 309401
2.97453 309741
2.97611 310081
2.97769 310421
2.97926 310761
2.98084 311101
2.98241 311441
2.98399 311781
2.98557 312121
2.98714 312461
2.98872 312801
2.99029 313141
2.99187 313481
2.99345 313821
2.99502 314161
2.9966 314501
2.99817 314841
2.99975 315181
3.00133 315521
3.0029 315861
3.00448 316201
3.00605 316541
3.00763 316881
3.00921 317221
3.01078 317561
3.01236 317901
3.01393 318241
3.01551 318581
3.01709 318921
3.01866 319261
3.02024 319601
3.02181 319941
3.02339 320281
3.02497 320621
3.02654 320961
3.02812 321301
3.02969 321641
3.03127 321981
3.03285 322321
3.03442 322661
3.036 323001
3.03757 323341
3.03915 323681
3.04073 324021
3.0423 324361
3.04388 324701
3.04545 325041
3.04703 325381
3.04861 325721
3.05018 326061
3.05176 326401
3.05333 326741
3.05491 327081
3.05649 327421
3.05806 327761
3.05964 328101
3.06121 328441
3.06279 328781
3.06437 329121
3.06594 329461
3.06752 329801
3.06909 330141
3.07067 330481
3.07225 330821
3.07382 331161
3.0754 331501
3.07697 331841
3.07855 332181
3.08013 332521
3.0817 332861
3.08328 333201
3.08485 333541
3.08643 333881
3.08801 334221
3.08958 334561
3.09116 334901
3.09273 335241
3.09431 335581
3.09589 335921
3.09746 336261
3.09904 336601
3.10061 336941
3.10219 337281
3.10377 337621
3.10534 337961
3.10692 338301
3.10849 338641
3.11007 338981
3.11165 339321
3.11322 339661
3.1148 340001
3.11637 340341
3.11795 340681
3.11953 341021
3.1211 341361
3.12268 341701
3.12425 342041
3.12583 342381
3.12741 342721
3.12898 343061
3.13056 343401
3.13213 343741
3.13371 344081
3.13529 344421
3.13686 344761
3.13844 345101
3.14001 345441
3.14159 345781
3.14317 346121
3.14474 346461
3.14632 346801
3.14789 347141
3.14947 347481
3.15105 347821
3.15262 348161
3.1542 348501
3.15577 348841
3.15735 349181
3.15893 349521
3.1605 349861
3.16208 350201
3.16365 350541
3.16523 350881
3.16681 351221
3.16838 351561
3.16996 351901
3.17153 352241
3.17311 352581
3.17469 352921
3.17626 353261
3.17784 353601
3.17941 353941
3.18099 354281
3.18257 354621
3.18414 354961
3.18572 355301
3.18729 355641
3.18887 355981
3.19045 356321
3.19202 356661
3.1936 357001
3.19517 357341
3.19675 357681
3.19833 358021
3.1999 358361
3.20148 358701
3.20305 359041
3.20463 359381
3.20621 359721
3.20778 360061
3.20936 360401
3.21093 360741
3.21251 361081
3.21409 361421
3.21566 361761
3.21724 362101
3.21881 362441
3.22039 362781
3.22197 363121
3.22354 363461
3.22512 363801
3.22669 364141
3.22827 364481
3.22985 364821
3.23142 365161
3.233 365501
3.23457 365841
3.23615 366181
3.23773 366521
3.2393 366861
3.24088 367201
3.24245 367541
3.24403 367881
3.24561 368221
3.24718 368561
3.24876 368901
3.25033 369241
3.25191 369581
3.25349 369921
3.25506 370261
3.25664 370601
3.25821 370941
3.25979 371281
3.26137 371621
3.26294 371961
3.26452 372301
3.26609 372641
3.26767 372981
3.26925 373321
3.27082 373661
3.2724 374001
3.27397 374341
3.27555 374681
3.27713 375021
3.2787 375361
3.28028 375701
3.28185 376041
3.28343 376381
3.28501 376721
3.28658 377061
3.28816 377401
3.28973 377741
3.29131 378081
3.29289 378421
3.29446 378761
3.29604 379101
3.29761 379441
3.29919 379781
3.30077 380121
3.30234 380461
3.30392 380801
3.30549 381141
3.30707 381481
3.30865 381821
3.31022 382161
3.3118 382501
3.31337 382841
3.31495 383181
3.31653 383521
3.3181 383861
3.31968 384201
3.32125 384541
3.32283 384881
3.32441 385221
3.32598 385561
3.32756 385901
3.32913 386241
3.33071 386581
3.33229 386921
3.33386 387261
3.33544 387601
3.33701 387941
3.33859 388281
3.34017 388621
3.34174 388961
3.34332 389301
3.34489 389641
3.34647 389981
3.34805 390321
3.34962 390661
3.3512 391001
3.35277 391341
3.35435 391681
3.35593 392021
3.3575 392361
3.35908 392701
3.36065 393041
3.36223 393381
3.36381 393721
3.36538 394061
3.36696 394401
3.36853 394741
3.37011 395081
3.37169 395421
3.37326 395761
3.37484 396101
3.37641 396441
3.37799 396781
3.37957 397121
3.38114 397461
3.38272 397801
3.38429 398141
3.38587 398481
3.38745 398821
3.38902 399161
3.3906 399501
3.39217 399841
3.39375 400181
3.39533 400521
3.3969 400861
3.39848 401201
3.40005 401541
3.40163 401881
3.40321 402221
3.40478 402561
3.40636 402901
3.40793 403241
3.40951 403581
3.41109 403921
3.41266 404261
3.41424 404601
3.41581 404941
3.41739 405281
3.41897 405621
3.42054 405961
3.42212 406301
3.42369 406641
3.42527 406981
3.42685 407321
3.42842 407661
3.43 408001
3.43157 408341
3.43315 408681
3.43473 409021
3.4363 409361
3.43788 409701
3.43945 410041
3.44103 410381
3.44261 410721
3.44418 411061
3.44576 411401
3.44733 411741
3.44891 412081
3.45049 412421
3.45206 412761
3.45364 413101
3.45521 413441
3.45679 413781
3.45837 414121
3.45994 414461
3.46152 414801
3.46309 415141
3.46467 415481
3.46625 415821
3.46782 416161
3.4694 416501
3.47097 416841
3.47255 417181
3.47413 417521
3.4757 417861
3.47728 418201
3.47885 418541
3.48043 418881
3.48201 419221
3.48358 419561
3.48516 419901
3.48673 420241
3.48831 420581
3.48989 420921
3.49146 421261
3.49304 421601
3.49461 421941
3.49619 422281
3.49777 422621
3.49934 422961
3.50092 423301
3.50249 423641
3.50407 423981
3.50565 424321
3.50722 424661
3.5088 425001
3.51037 425341
3.51195 425681
3.51353 426021
3.5151 426361
3.51668 426701
3.51825 427041
3.51983 427381
3.52141 427721
3.52298 428061
3.52456 428401
3.52613 428741
3.52771 429081
3.52929 429421
3.53086 429761
3.53244 430101
3.53401 430441
3.53559 430781
3.53717 431121
3.53874 431461
3.54032 431801
3.54189 432141
3.54347 432481
3.54505 432821
3.54662 433161
3.5482 433501
3.54977 433841
3.55135 434181
3.55293 434521
3.5545 434861
3.55608 435201
3.55765 435541
3.55923 435881
3.56081 436221
3.56238 436561
3.56396 436901
3.56553 437241
3.56711 437581
3.56869 437921
3.57026 438261
3.57184 438601
3.57341 438941
3.57499 439281
3.57657 439621
3.57814 439961
3.57972 440301
3.58129 440641
3.58287 440981
3.58445 441321
3.58602 441661
3.5876 442001
3.58917 442341
3.59075 442681
3.59233 443021
3.5939 443361
3.59548 443701
3.59705 444041
3.59863 444381
3.60021 444721
3.60178 445061
3.60336 445401
3.60493 445741
3.60651 446081
3.60809 446421
3.60966 446761
3.61124 447101
3.61281 447441
3.61439 447781
3.61597 448121
3.61754 448461
3.61912 448801
3.62069 449141
3.62227 449481
3.62385 449821
3.62542 450161
3.627 450501
3.62857 450841
3.63015 451181
3.63173 451521
3.6333 451861
3.63488 452201
3.63645 452541
3.63803 452881
3.63961 453221
3.64118 453561
3.64276 453901
3.64433 454241
3.64591 454581
3.64749 454921
3.64906 455261
3.65064 455601
3.65221 455941
3.65379 456281
3.65537 456621
3.65694 456961
3.65852 457301
3.66009 457641
3.66167 457981
3.66325 458321
3.66482 458661
3.6664 459001
3.66797 459341
3.66955 459681
3.67113 460021
3.6727 460361
3.67428 460701
3.67585 461041
3.67743 461381
3.67901 461721
3.68058 462061
3.68216 462401
3.68373 462741
3.68531 463081
3.68689 463421
3.68846 463761
3.69004 464101
3.69161 464441
3.69319 464781
3.69477 465121
3.69634 465461
3.69792 465801
3.69949 466141
3.70107 466481
3.70265 466821
3.70422 467161
3.7058 467501
3.70737 467841
3.70895 468181
3.71053 468521
3.7121 468861
3.71368 469201
3.71525 469541
3.71683 469881
3.71841 470221
3.71998 470561
3.72156 470901
3.72313 471241
3.72471 471581
3.72629 471921
3.72786 472261
3.72944 472601
3.73101 472941
3.73259 473281
3.73417 473621
3.73574 473961
3.73732 474301
3.73889 474641
3.74047 474981
3.74205 475321
3.74362 475661
3.7452 476001
3.74677 476341
3.74835 476681
3.74993 477021
3.7515 477361
3.75308 477701
3.75465 478041
3.75623 478381
3.75781 478721
3.75938 479061
3.76096 479401
3.76253 479741
3.76411 480081
3.76569 480421
3.76726 480761
3.76884 481101
3.77041 481441
3.77199 481781
3.77357 482121
3.77514 482461
3.77672 482801
3.77829 483141
3.77987 483481
3.78145 483821
3.78302 484161
3.7846 484501
3.78617 484841
3.78775 485181
3.78933 485521
3.7909 485861
3.79248 486201
3.79405 486541
3.79563 486881
3.79721 487221
3.79878 487561
3.80036 487901
3.80193 488241
3.80351 488581
3.80509 488921
3.80666 489261
3.80824 489601
3.80981 489941
3.81139 490281
3.81297 490621
3.81454 490961
3.81612 491301
3.81769 491641
3.81927 491981
3.82085 492321
3.82242 492661
3.824 493001
3.82557 493341
3.82715 493681
3.82873 494021
3.8303 494361
3.83188 494701
3.83345 495041
3.83503 495381
3.83661 495721
3.83818 496061
3.83976 496401
3.84133 496741
3.84291 497081
3.84449 497421
3.84606 497761
3.84764 498101
3.84921 498441
3.85079 498781
3.85237 499121
3.85394 499461
3.85552 499801
3.85709 500141
3.85867 500481
3.86025 500821
3.86182 501161
3.8634 501501
3.86497 501841
3.86655 502181
3.86813 502521
3.8697 502861
3.87128 503201
3.87285 503541
3.87443 503881
3.87601 504221
3.87758 504561
3.87916 504901
3.88073 505241
3.88231 505581
3.88389 505921
3.88546 506261
3.88704 506601
3.88861 506941
3.89019 507281
3.89177 507621
3.89334 507961
3.89492 508301
3.89649 508641
3.89807 508981
3.89965 509321
3.90122 509661
3.9028 510001
3.90437 510341
3.90595 510681
3.90753 511021
3.9091 511361
3.91068 511701
3.91225 512041
3.91383 512381
3.91541 512721
3.91698 513061
3.91856 513401
3.92013 513741
3.92171 514081
3.92329 514421
3.92486 514761
3.92644 515101
3.92801 515441
3.92959 515781
3.93117 516121
3.93274 516461
3.93432 516801
3.93589 517141
3.93747 517481
3.93905 517821
3.94062 518161
3.9422 518501
3.94377 518841
3.94535 519181
3.94693 519521
3.9485 519861
3.95008 520201
3.95165 520541
3.95323 520881
3.95481 521221
3.95638 521561
3.95796 521901
3.95953 522241
3.96111 522581
3.96269 522921
3.96426 523261
3.96584 523601
3.96741 523941
3.96899 524281
3.97057 524621
3.97214 524961
3.97372 525301
3.97529 525641
3.97687 525981
3.97845 526321
3.98002 526661
3.9816 527001
3.98317 527341
3.98475 527681
3.98633 528021
3.9879 528361
3.98948 528701
3.99105 529041
3.99263 529381
3.99421 529721
3.99578 530061
3.99736 530401
3.99893 530741
4.00051 531081
4.00209 531421
4.00366 531761
4.00524 532101
4.00681 532441
4.00839 532781
4.00997 533121
4.01154 533461
4.01312 533801
4.01469 534141
4.01627 534481
4.01785 534821
4.01942 535161
4.021 535501
4.02257 535841
4.02415 536181
4.02573 536521
4.0273 536861
4.02888 537201
4.03045 537541
4.03203 537881
4.03361 538221
4.03518 538561
4.2968 538901
4.2968 539241
4.2968 539581
4.2968 539921
4.2968 540261
4.2968 540601
4.2968 540941
4.30867 541281
4.30867 541621
4.30867 541961
4.30867 542301
4.30867 542641
4.30867 542981
4.30867 543321
4.30867 543661
4.30867 544001
4.30867 544341
4.30867 544681
4.30867 545021
4.30867 545361
4.30867 545701
4.30867 546041
4.30867 546381
4.30867 546721
4.30867 547061
4.30867 547401
4.30867 547741
4.30867 548081
4.30867 548421
4.30867 548761
4.30867 549101
4.30867 549441
4.30867 549781
4.30867 550121
4.30867 550461
4.30867 550801
4.30867 551141
4.30867 551481
4.30867 551821
4.30867 552161
4.30867 552501
4.30867 552841
4.30867 553181
4.30867 553521
4.30867 553861
4.30867 554201
4.30867 554541
4.30867 554881
4.30867 555221
4.30867 555561
4.30867 555901
4.30867 556241
4.30867 556581
4.30867 556921
4.30867 557261
4.30867 557601
4.30867 557941
4.30867 558281
4.30867 558621
4.30867 558961
4.30867 559301
4.30867 559641
4.30867 559981
4.30867 560321
4.30867 560661
4.30867 561001
4.30867 561341
4.30867 561681
4.30867 562021
4.30867 562361
4.30867 562701
4.30867 563041
4.30867 563381
4.30867 563721
4.30867 564061
4.30867 564401
4.30867 564741
4.30867 565081
4.30867 565421
4.30867 565761
4.30867 566101
4.30867 566441
4.30867 566781
4.30867 567121
4.30867 567461
4.30867 567801
4.30867 568141
4.30867 568481
4.30867 568821
4.30867 569161
4.30867 569501
4.30867 569841
4.30867 570181
4.30867 570521
4.30867 570861
4.30867 571201
4.30867 571541
4.30867 571881
4.30867 572221
4.30867 572561
4.30867 572901
4.30867 573241
4.30867 573581
4.30867 573921
4.30867 574261
4.30867 574601
4.30867 574941
4.30867 575281
4.30867 575621
4.30867 575961
4.30867 576301
4.30867 576641
4.30867 576981
4.30867 577321
4.30867 577661
4.30867 578001
4.30867 578341
4.30867 578681
4.30867 579021
4.30867 579361
4.30867 579701
4.30867 580041
4.30867 580381
4.30867 580721
4.30867 581061
4.30867 581401
4.30867 581741
4.30867 582081
4.30867 582421
4.30867 582761
4.30867 583101
4.30867 583441
4.30867 583781
4.30867 584121
4.30867 584461
4.30867 584801
4.30867 585141
4.30867 585481
4.30867 585821
4.30867 586161
4.30867 586501
4.30867 586841
4.30867 587181
4.30867 587521
4.30867 587861
4.30867 588201
4.30867 588541
4.30867 588881
4.30867 589221
4.30867 589561
4.30867 589901
4.30867 590241
4.30867 590581
4.30867 590921
4.30867 591261
4.30867 591601
4.30867 591941
4.30867 592281
4.30867 592621
4.30867 592961
4.30867 593301
4.30867 593641
4.30867 593981
4.30867 594321
4.30867 594661
4.31024 595001
4.31182 595341
4.3134 595681
4.31497 596021
4.31655 596361
4.31812 596701
4.3197 597041
4.32128 597381
4.32285 597721
4.32443 598061
4.326 598401
4.32758 598741
4.32916 599081
4.33073 599421
4.33231 599761
4.33388 600101
4.33546 600441
4.33704 600781
4.33861 601121
4.34019 601461
4.34176 601801
4.34334 602141
4.34492 602481
4.34649 602821
4.34807 603161
4.34964 603501
4.35122 603841
4.3528 604181
4.35437 604521
4.35595 604861
4.35752 605201
4.3591 605541
4.36068 605881
4.36225 606221
4.36383 606561
4.3654 606901
4.36698 607241
4.36856 607581
4.37013 607921
4.37171 608261
4.37328 608601
4.37486 608941
4.37644 609281
4.37801 609621
4.37959 609961
4.38116 610301
4.38274 610641
4.38432 610981
4.38589 611321
4.38747 611661
4.38904 612001
4.40084 612341
4.40399 612681
4.40557 613021
4.40714 613361
4.40872 613701
4.41029 614041
4.41187 614381
4.41345 614721
4.51354 615061
4.51354 615401
4.51354 615741
4.51354 616081
4.51354 616421
4.51354 616761
4.51354 617101
4.51354 617441
4.51354 617781
4.51354 618121
4.51354 618461
4.51354 618801
4.51354 619141
4.51354 619481
4.51354 619821
4.51354 620161
4.51354 620501
4.51354 620841
4.51354 621181
4.51354 621521
4.51354 621861
4.51354 622201
4.51354 622541
4.51354 622881
4.51354 623221
4.51354 623561
4.51354 623901
4.51354 624241
4.51354 624581
4.51354 624921
4.51354 625261
4.51354 625601
4.51354 625941
4.51354 626281
4.51354 626621
4.51354 626961
4.51354 627301
4.51354 627641
4.51354 627981
4.51354 628321
4.51354 628661
4.51354 629001
4.51354 629341
4.51354 629681
4.51354 630021
4.51354 630361
4.51354 630701
4.51354 631041
4.51354 631381
4.51354 631721
4.51354 632061
4.51354 632401
4.51354 632741
4.51354 633081
4.51669 633421
4.51826 633761
4.51984 634101
4.52142 634441
4.52299 634781
4.52457 635121
4.52614 635461
4.52772 635801
4.5293 636141
4.53087 636481
4.53245 636821
4.53402 637161
4.5356 637501
4.53718 637841
4.53875 638181
4.54033 638521
4.5419 638861
4.54348 639201
4.54506 639541
4.54663 639881
4.54821 640221
4.54978 640561
4.55136 640901
4.55294 641241
4.55451 641581
4.55609 641921
4.55766 642261
4.55924 642601
4.56082 642941
4.56239 643281
4.56397 643621
4.56554 643961
4.56712 644301
4.5687 644641
4.57027 644981
4.57185 645321
4.57342 645661
4.58522 646001
4.58679 646341
4.58995 646681
4.59152 647021
4.5931 647361
4.59467 647701
4.59625 648041
4.59783 648381
4.60102 648721
4.60259 649061
4.60417 649401
4.60574 649741
4.61043 650081
4.61201 650421
4.61359 650761
4.61516 651101
4.61674 651441
4.61831 651781
4.61989 652121
4.62147 652461
4.62304 652801
4.62462 653141
4.62619 653481
4.62777 653821
4.62935 654161
4.63092 654501
4.6325 654841
4.63407 655181
4.63565 655521
4.63723 655861
4.6388 656201
4.64038 656541
4.64195 656881
4.64353 657221
4.64511 657561
4.64668 657901
4.64826 658241
4.64983 658581
4.65141 658921
4.65299 659261
4.65456 659601
4.65614 659941
4.65771 660281
4.65929 660621
4.66087 660961
4.66244 661301
4.66402 661641
4.66559 661981
4.68212 662321
4.68369 662661
4.68527 663001
4.68684 663341
4.68842 663681
4.69 664021
4.69157 664361
4.69315 664701
4.69472 665041
4.6963 665381
4.69788 665721
4.69945 666061
4.7026 666401
4.70418 666741
4.70576 667081
4.70733 667421
4.70891 667761
4.71048 668101
4.71206 668441
4.71364 668781
4.71521 669121
4.71679 669461
4.71836 669801
4.71994 670141
4.72152 670481
4.72309 670821
4.72467 671161
4.72624 671501
4.72782 671841
4.7294 672181
4.73097 672521
4.73255 672861
4.73412 673201
4.7357 673541
4.73728 673881
4.73885 674221
4.74043 674561
4.742 674901
4.74358 675241
4.74516 675581
4.74673 675921
4.74831 676261
4.74988 676601
4.75146 676941
4.75304 677281
4.75461 677621
4.75619 677961
4.75776 678301
4.75934 678641
4.77429 678981
4.77586 679321
4.77744 679661
4.77901 680001
4.78059 680341
4.78217 680681
4.78374 681021
4.78532 681361
4.78689 681701
4.78847 682041
4.79005 682381
4.79162 682721
4.79477 683061
4.79635 683401
4.79793 683741
4.7995 684081
4.80108 684421
4.80265 684761
4.80423 685101
4.80581 685441
4.80738 685781
4.80896 686121
4.81053 686461
4.81211 686801
4.81369 687141
4.81526 687481
4.81684 687821
4.81841 688161
4.81999 688501
4.82157 688841
4.82314 689181
4.82472 689521
4.82629 689861
4.82787 690201
4.82945 690541
4.83102 690881
4.8326 691221
4.83417 691561
4.83575 691901
4.83733 692241
4.8389 692581
4.84048 692921
4.84205 693261
4.84363 693601
4.84521 693941
4.84678 694281
4.84836 694621
4.84993 694961
4.85151 695301
4.85309 695641
4.86803 695981
4.86961 696321
4.87119 696661
4.87276 697001
4.87434 697341
4.87591 697681
4.87749 698021
4.87907 698361
4.88064 698701
4.88222 699041
4.88379 699381
4.88537 699721
4.88852 700061
4.8901 700401
4.89167 700741
4.89325 701081
4.89483 701421
4.8964 701761
4.99649 702101
4.99649 702441
4.99649 702781
4.99649 703121
4.99649 703461
4.99649 703801
4.99649 704141
4.99649 704481
4.99649 704821
4.99649 705161
4.99649 705501
4.99649 705841
4.99649 706181
4.99649 706521
4.99649 706861
4.99649 707201
4.99649 707541
4.99649 707881
4.99649 708221
4.99649 708561
4.99649 708901
4.99649 709241
4.99649 709581
4.99649 709921
5.03278 710261
5.03278 710601
5.03278 710941
5.03278 711281
5.03278 711621
5.03278 711961
5.03278 712301
5.03278 712641
5.03278 712981
5.03278 713321
5.03278 713661
5.03278 714001
5.03278 714341
5.03278 714681
5.03278 715021
5.03278 715361
5.03278 715701
5.03278 716041
5.03278 716381
5.03278 716721
5.03278 717061
5.03278 717401
5.03278 717741
5.03278 718081
5.03278 718421
5.03278 718761
5.03278 719101
5.03278 719441
5.03278 719781
5.03278 720121
5.03278 720461
5.03278 720801
5.03278 721141
5.03278 721481
5.03278 721821
5.03278 722161
5.03278 722501
5.03278 722841
5.03278 723181
5.03278 723521
5.03278 723861
5.03278 724201
5.03278 724541
5.03278 724881
5.03278 725221
5.03278 725561
5.03278 725901
5.03278 726241
5.03278 726581
5.03278 726921
5.03278 727261
5.03435 727601
5.03593 727941
5.0375 728281
5.03908 728621
5.04066 728961
5.05403 729301
5.0556 729641
5.05718 729981
5.05875 730321
5.06033 730661
5.06191 731001
5.06348 731341
5.06506 731681
5.06663 732021
5.06821 732361
5.06979 732701
5.07136 733041
5.07294 733381
5.07451 733721
5.07609 734061
5.07767 734401
5.07924 734741
5.08082 735081
5.08239 735421
5.08401 735761
5.08559 736101
5.0887 736441
5.09027 736781
5.09185 737121
5.09343 737461
5.095 737801
5.09658 738141
5.09815 738481
5.09973 738821
5.10131 739161
5.10288 739501
5.10446 739841
5.10603 740181
5.10761 740521
5.10919 740861
5.11076 741201
5.11234 741541
5.11391 741881
5.11549 742221
5.11707 742561
5.11864 742901
5.12022 743241
5.12183 743581
5.12341 743921
5.12499 744261
5.1281 744601
5.12967 744941
5.13125 745281
5.13283 745621
5.1462 745961
5.14777 746301
5.14935 746641
5.15093 746981
5.1525 747321
5.15408 747661
5.15565 748001
5.15723 748341
5.15881 748681
5.16038 749021
5.16196 749361
5.16353 749701
5.16511 750041
5.16669 750381
5.16826 750721
5.16984 751061
5.17141 751401
5.17299 751741
5.17457 752081
5.17614 752421
5.17776 752761
5.17933 753101
5.18245 753441
5.18402 753781
5.1856 754121
5.18717 754461
5.18875 754801
5.19033 755141
5.1919 755481
5.19348 755821
5.19505 756161
5.19663 756501
5.19821 756841
5.19978 757181
5.20136 757521
5.20293 757861
5.20451 758201
5.20609 758541
5.20766 758881
5.20924 759221
5.21081 759561
5.21239 759901
5.21397 760241
5.21554 760581
5.21712 760921
5.21869 761261
5.22027 761601
5.22185 761941
5.22342 762281
5.225 762621
5.22657 762961
5.23994 763301
5.24152 763641
5.2431 763981
5.24467 764321
5.24625 764661
5.24782 765001
5.2494 765341
5.25098 765681
5.25255 766021
5.25413 766361
5.2557 766701
5.25728 767041
5.25886 767381
5.26043 767721
5.26201 768061
5.26358 768401
5.26516 768741
5.26674 769081
5.26831 769421
5.26989 769761
5.2715 770101
5.27308 770441
5.27619 770781
5.27777 771121
5.27934 771461
5.28092 771801
5.2825 772141
5.28407 772481
5.28565 772821
5.28722 773161
5.2888 773501
5.29038 773841
5.29195 774181
5.29353 774521
5.2951 774861
5.29668 775201
5.29826 775541
5.29983 775881
5.30141 776221
5.30298 776561
5.30456 776901
5.30614 777241
5.30771 777581
5.30929 777921
5.31086 778261
5.31244 778601
5.31402 778941
5.31559 779281
5.31717 779621
5.31874 779961
5.33211 780301
5.33369 780641
5.33527 780981
5.33684 781321
5.33842 781661
5.33999 782001
5.34157 782341
5.34315 782681
5.34472 783021
5.3463 783361
5.34787 783701
5.34945 784041
5.35103 784381
5.3526 784721
5.35418 785061
5.35575 785401
5.35733 785741
5.35891 786081
5.36048 786421
5.36206 786761
5.36367 787101
5.36525 787441
5.36836 787781
5.36994 788121
5.37151 788461
5.37309 788801
5.37467 789141
5.37624 789481
5.37782 789821
5.37939 790161
5.38097 790501
5.38255 790841
5.38412 791181
5.3857 791521
5.38727 791861
5.38885 792201
5.39358 792541
5.39515 792881
5.39673 793221
5.39831 793561
5.39988 793901
5.40146 794241
5.40303 794581
5.40461 794921
5.40619 795261
5.40776 795601
5.40934 795941
5.41091 796281
5.41249 796621
5.41407 796961
5.42428 797301
5.42586 797641
5.42744 797981
5.42901 798321
5.43059 798661
5.43216 799001
5.43374 799341
5.43532 799681
5.43689 800021
5.43847 800361
5.44004 800701
5.44162 801041
5.4432 801381
5.44477 801721
5.44635 802061
5.44792 802401
5.4495 802741
5.45108 803081
5.45265 803421
5.45584 803761
5.45742 804101
5.45899 804441
5.46057 804781
5.46215 805121
5.46372 805461
5.4653 805801
5.46687 806141
5.46845 806481
5.47003 806821
5.4716 807161
5.47318 807501
5.47475 807841
5.47633 808181
5.47791 808521
5.47948 808861
5.48106 809201
5.48263 809541
5.48575 809881
5.48732 810221
5.4889 810561
5.49048 810901
5.49205 811241
5.49363 811581
5.4952 811921
5.49678 812261
5.49836 812601
5.49993 812941
5.50151 813281
5.50308 813621
5.50466 813961
5.50624 814301
5.51645 814641
5.51803 814981
5.51961 815321
5.52118 815661
5.52276 816001
5.52433 816341
5.52591 816681
5.52749 817021
5.52906 817361
5.53064 817701
5.53221 818041
5.53379 818381
5.53537 818721
5.53694 819061
5.53852 819401
5.54009 819741
5.54167 820081
5.54325 820421
5.54482 820761
5.5464 821101
5.54959 821441
5.55117 821781
5.55274 822121
5.65283 822461
5.65283 822801
5.65283 823141
5.65283 823481
5.65283 823821
5.65283 824161
5.65283 824501
5.65283 824841
5.65283 825181
5.65283 825521
5.65283 825861
5.65283 826201
5.65283 826541
5.65283 826881
5.65283 827221
5.65283 827561
5.65283 827901
5.65283 828241
5.65283 828581
5.65283 828921
5.65283 829261
5.65283 829601
5.65283 829941
5.65283 830281
5.65283 830621
5.65283 830961
5.65283 831301
5.65283 831641
5.65283 831981
5.65283 832321
5.65283 832661
5.65283 833001
5.65283 833341
5.65283 833681
5.65283 834021
5.65283 834361
5.65283 834701
5.65283 835041
5.65283 835381
5.65283 835721
5.65283 836061
5.65283 836401
5.65283 836741
5.65283 837081
5.65283 837421
5.65283 837761
5.65283 838101
5.65283 838441
5.65283 838781
5.65283 839121
5.65283 839461
5.65283 839801
5.65283 840141
5.65283 840481
5.65283 840821
5.65756 841161
5.65913 841501
5.66071 841841
5.66229 842181
5.66386 842521
5.66544 842861
5.66701 843201
5.66859 843541
5.6717 843881
5.67328 844221
5.67486 844561
5.67643 844901
5.67801 845241
5.67958 845581
5.68116 845921
5.68274 846261
5.68431 846601
5.68589 846941
5.68746 847281
5.68904 847621
5.69062 847961
5.69219 848301
5.70241 848641
5.70399 848981
5.70556 849321
5.70714 849661
5.70871 850001
5.71029 850341
5.71187 850681
5.71344 851021
5.71502 851361
5.71659 851701
5.71817 852041
5.71975 852381
5.72132 852721
5.7229 853061
5.72447 853401
5.72605 853741
5.72763 854081
5.7292 854421
5.73078 854761
5.73235 855101
5.73393 855441
5.73554 855781
5.73712 856121
5.74031 856461
5.74189 856801
5.74346 857141
5.74504 857481
5.7513 857821
5.75288 858161
5.75446 858501
5.75603 858841
5.75761 859181
5.75918 859521
5.76076 859861
5.76234 860201
5.76545 860541
5.76703 860881
5.7686 861221
5.77018 861561
5.77175 861901
5.77333 862241
5.77491 862581
5.77648 862921
5.77806 863261
5.77963 863601
5.78121 863941
5.78279 864281
5.78436 864621
5.78594 864961
5.79616 865301
5.79773 865641
5.79931 865981
5.80088 866321
5.80246 866661
5.80404 867001
5.80561 867341
5.80719 867681
5.80876 868021
5.81034 868361
5.81192 868701
5.81349 869041
5.81507 869381
5.81664 869721
5.81822 870061
5.8198 870401
5.82137 870741
5.82295 871081
5.82452 871421
5.8261 871761
5.82771 872101
5.82929 872441
5.83248 872781
5.83406 873121
5.83563 873461
5.83721 873801
5.84347 874141
5.84505 874481
5.84663 874821
5.8482 875161
5.84978 875501
5.85135 875841
5.85293 876181
5.85451 876521
5.85762 876861
5.8592 877201
5.86077 877541
5.86235 877881
5.86392 878221
5.8655 878561
5.86708 878901
5.86865 879241
5.87023 879581
5.8718 879921
5.87338 880261
5.87496 880601
5.87653 880941
5.87811 881281
5.88833 881621
5.8899 881961
5.89148 882301
5.89305 882641
5.89463 882981
5.89621 883321
5.89778 883661
5.89936 884001
5.90093 884341
5.90251 884681
5.90409 885021
5.90566 885361
5.90724 885701
5.90881 886041
5.91039 886381
5.91197 886721
5.91354 887061
5.91512 887401
5.91669 887741
5.91827 888081
5.91985 888421
5.92142 888761
5.923 889101
5.92465 889441
5.92623 889781
5.9278 890121
5.92938 890461
5.93565 890801
5.93722 891141
5.9388 891481
5.94037 891821
5.94195 892161
5.94353 892501
5.9451 892841
5.94668 893181
5.94979 893521
5.95137 893861
5.95294 894201
5.95452 894541
5.95609 894881
5.95767 895221
5.95925 895561
5.96082 895901
5.9624 896241
5.96397 896581
5.96555 896921
5.96713 897261
5.9687 897601
5.97028 897941
5.9805 898281
5.98207 898621
5.98365 898961
5.98523 899301
5.9868 899641
5.98838 899981
5.98995 900321
5.99153 900661
5.99311 901001
5.99468 901341
5.99626 901681
5.99783 902021
5.99941 902361
6.00099 902701
6.00256 903041
6.00414 903381
6.00571 903721
6.00729 904061
6.00887 904401
6.01044 904741
6.01202 905081
6.01359 905421
6.01517 905761
6.01675 906101
6.0184 906441
6.01997 906781
6.02155 907121
6.02313 907461
6.02939 907801
6.03097 908141
6.03254 908481
6.03412 908821
6.0357 909161
6.03727 909501
6.03885 909841
6.04042 910181
6.04354 910521
6.04511 910861
6.04669 911201
6.04827 911541
6.04984 911881
6.05142 912221
6.05299 912561
6.05457 912901
6.05615 913241
6.05772 913581
6.0593 913921
6.06087 914261
6.06245 914601
6.06403 914941
6.07424 915281
6.07582 915621
6.0774 915961
6.07897 916301
6.08055 916641
6.08212 916981
6.0837 917321
6.08528 917661
6.08685 918001
6.08843 918341
6.09 918681
6.09158 919021
6.09316 919361
6.09473 919701
6.09631 920041
6.09788 920381
6.09946 920721
6.10104 921061
6.10261 921401
6.10419 921741
6.10576 922081
6.10734 922421
6.10892 922761
6.11049 923101
6.11214 923441
6.11372 923781
6.1153 924121
6.11687 924461
6.12314 924801
6.12471 925141
6.12629 925481
6.12787 925821
6.12944 926161
6.13102 926501
6.13259 926841
6.13417 927181
6.13575 927521
6.13732 927861
6.1389 928201
6.14047 928541
6.14205 928881
6.14363 929221
6.1452 929561
6.14678 929901
6.14835 930241
6.14993 930581
6.15151 930921
6.15308 931261
6.15466 931601
6.15623 931941
6.15781 932281
6.16799 932621
6.16957 932961
6.17114 933301
6.17272 933641
6.17429 933981
6.17587 934321
6.17745 934661
6.17902 935001
6.1806 935341
6.18217 935681
6.18375 936021
6.18533 936361
6.1869 936701
6.18848 937041
6.19005 937381
6.19163 937721
6.19321 938061
6.19478 938401
6.19636 938741
6.19793 939081
6.19951 939421
6.20109 939761
6.20266 940101
6.20424 940441
6.20589 940781
6.20747 941121
6.20904 941461
6.21062 941801
6.21688 942141
6.21846 942481
6.22004 942821
6.22161 943161
6.22319 943501
6.22476 943841
6.22634 944181
6.22792 944521
6.22949 944861
6.23107 945201
6.23264 945541
6.23422 945881
6.2358 946221
6.23737 946561
6.23895 946901
6.24052 947241
6.2421 947581
6.24368 947921
6.24525 948261
6.24683 948601
6.2484 948941
6.24998 949281
6.26016 949621
6.26174 949961
6.26331 950301
6.26489 950641
6.26646 950981
6.26804 951321
6.26962 951661
6.27119 952001
6.27277 952341
6.27434 952681
6.27592 953021
6.2775 953361
6.27907 953701
6.28065 954041
6.28222 954381
6.2838 954721
6.28538 955061
6.28695 955401
6.28853 955741
6.2901 956081
6.29168 956421
6.29326 956761
6.29483 957101
6.29641 957441
6.29806 957781
6.29964 958121
6.30121 958461
6.30279 958801
6.30905 959141
6.31063 959481
6.31221 959821
6.31378 960161
6.31536 960501
6.31693 960841
6.31851 961181
6.32009 961521
6.32166 961861
6.32324 962201
6.32481 962541
6.32639 962881
6.32797 963221
6.32954 963561
6.33112 963901
6.33269 964241
6.33427 964581
6.33585 964921
6.33742 965261
6.339 965601
6.34057 965941
6.34215 966281
6.34373 966621
6.35233 966961
6.35391 967301
6.35548 967641
6.35706 967981
6.35863 968321
6.36021 968661
6.36179 969001
6.36336 969341
6.36494 969681
6.36651 970021
6.36809 970361
6.36967 970701
6.37124 971041
6.37282 971381
6.37439 971721
6.37597 972061
6.37755 972401
6.37912 972741
6.3807 973081
6.38227 973421
6.38385 973761
6.38543 974101
6.387 974441
6.38858 974781
6.39023 975121
6.39181 975461
6.39338 975801
6.39496 976141
6.40123 976481
6.4028 976821
6.40438 977161
6.40595 977501
6.40753 977841
6.40911 978181
6.41068 978521
6.41226 978861
6.41383 979201
6.41541 979541
6.41699 979881
6.41856 980221
6.42014 980561
6.42171 980901
6.42329 981241
6.42487 981581
6.42644 981921
6.42802 982261
6.42959 982601
6.43117 982941
6.43275 983281
6.43432 983621
6.4359 983961
6.43747 984301
6.44608 984641
6.44765 984981
6.44923 985321
6.45081 985661
6.45238 986001
6.45396 986341
6.45553 986681
6.45711 987021
6.45869 987361
6.46026 987701
6.46184 988041
6.46341 988381
6.46499 988721
6.46657 989061
6.46814 989401
6.46972 989741
6.47129 990081
6.47287 990421
6.47445 990761
6.47602 991101
6.4776 991441
6.47917 991781
6.48075 992121
6.48233 992461
6.48398 992801
6.48555 993141
6.48713 993481
6.48871 993821
6.49497 994161
6.49655 994501
6.49812 994841
6.4997 995181
6.50128 995521
6.50285 995861
6.50443 996201
6.506 996541
6.50758 996881
6.50916 997221
6.51073 997561
6.51231 997901
6.51388 998241
6.51546 998581
6.51704 998921
6.51861 999261
6.52019 999601
6.52176 999941
6.52334 1000281
6.52492 1000621
6.52649 1000961
6.52807 1001301
6.52964 1001641
6.53122 1001981
6.53982 1002321
6.5414 1002661
6.54298 1003001
6.54455 1003341
6.54613 1003681
6.5477 1004021
6.54928 1004361
6.55086 1004701
6.55243 1005041
6.55401 1005381
6.55558 1005721
6.55716 1006061
6.55874 1006401
6.56031 1006741
6.56189 1007081
6.56346 1007421
6.56504 1007761
6.56662 1008101
6.56819 1008441
6.56977 1008781
6.57134 1009121
6.57292 1009461
6.5745 1009801
6.57607 1010141
6.57765 1010481
6.57922 1010821
6.5808 1011161
6.58238 1011501
6.58395 1011841
6.58872 1012181
6.59029 1012521
6.59187 1012861
6.59345 1013201
6.59502 1013541
6.5966 1013881
6.59817 1014221
6.59975 1014561
6.60133 1014901
6.6029 1015241
6.60448 1015581
6.60605 1015921
6.60763 1016261
6.60921 1016601
6.61078 1016941
6.61236 1017281
6.61393 1017621
6.61551 1017961
6.62024 1018301
6.62181 1018641
6.62339 1018981
6.62497 1019321
6.62654 1019661
6.62812 1020001
6.63357 1020341
6.63515 1020681
6.63672 1021021
6.6383 1021361
6.63987 1021701
6.64145 1022041
6.64303 1022381
6.6446 1022721
6.64618 1023061
6.64775 1023401
6.64933 1023741
6.65091 1024081
6.65248 1024421
6.65406 1024761
6.65879 1025101
6.66036 1025441
6.66194 1025781
6.66351 1026121
6.66509 1026461
6.66667 1026801
6.66824 1027141
6.66982 1027481
6.67139 1027821
6.67297 1028161
6.67455 1028501
6.67612 1028841
6.6777 1029181
6.67927 1029521
6.68089 1029861
6.68246 1030201
6.68404 1030541
6.68562 1030881
6.68719 1031221
6.68877 1031561
6.69034 1031901
6.69192 1032241
6.6935 1032581
6.69507 1032921
6.69665 1033261
6.69822 1033601
6.6998 1033941
6.70138 1034281
6.70295 1034621
6.70453 1034961
6.7061 1035301
6.70768 1035641
6.71241 1035981
6.71398 1036321
6.71556 1036661
6.71714 1037001
6.71871 1037341
6.72029 1037681
6.72574 1038021
6.72732 1038361
6.72889 1038701
6.73047 1039041
6.73204 1039381
6.73362 1039721
6.7352 1040061
6.73677 1040401
6.73835 1040741
6.73992 1041081
6.7415 1041421
6.74308 1041761
6.74465 1042101
6.74623 1042441
6.75096 1042781
6.75253 1043121
6.75411 1043461
6.75568 1043801
6.75726 1044141
6.75884 1044481
6.76041 1044821
6.76199 1045161
6.76356 1045501
6.76514 1045841
6.76672 1046181
6.76829 1046521
6.76987 1046861
6.77144 1047201
6.77302 1047541
6.7746 1047881
6.77617 1048221
6.77775 1048561
6.77932 1048901
6.7809 1049241
6.78248 1049581
6.78405 1049921
6.78563 1050261
6.7872 1050601
6.78878 1050941
6.79036 1051281
6.79193 1051621
6.79351 1051961
6.79508 1052301
6.79666 1052641
6.79824 1052981
6.79981 1053321
6.80139 1053661
6.80458 1054001
6.80615 1054341
6.80773 1054681
6.80931 1055021
6.81088 1055361
6.81246 1055701
6.81791 1056041
6.81949 1056381
6.82106 1056721
6.82264 1057061
6.82421 1057401
6.82579 1057741
6.82737 1058081
6.82894 1058421
6.83052 1058761
6.83209 1059101
6.83367 1059441
6.83525 1059781
6.83682 1060121
6.8384 1060461
6.84313 1060801
6.8447 1061141
6.84628 1061481
6.84785 1061821
6.84943 1062161
6.85101 1062501
6.85258 1062841
6.85416 1063181
6.85573 1063521
6.85731 1063861
6.85889 1064201
6.86046 1064541
6.86204 1064881
6.86361 1065221
6.86519 1065561
6.86677 1065901
6.86834 1066241
6.86992 1066581
6.87149 1066921
6.87307 1067261
6.87465 1067601
6.87622 1067941
6.8778 1068281
6.87937 1068621
6.88095 1068961
6.88253 1069301
6.8841 1069641
6.88568 1069981
6.88725 1070321
6.88883 1070661
6.89041 1071001
6.89198 1071341
6.89356 1071681
6.89513 1072021
6.89833 1072361
6.8999 1072701
6.90148 1073041
6.90305 1073381
6.91166 1073721
6.91323 1074061
6.91481 1074401
6.91639 1074741
6.91796 1075081
6.91954 1075421
6.92111 1075761
6.92269 1076101
6.92427 1076441
6.92584 1076781
6.92742 1077121
6.92899 1077461
6.93057 1077801
6.93215 1078141
6.93372 1078481
6.9353 1078821
6.93687 1079161
6.93845 1079501
6.94003 1079841
6.9416 1080181
6.94318 1080521
6.94475 1080861
6.94633 1081201
6.94791 1081541
6.94948 1081881
6.95106 1082221
6.95263 1082561
6.95421 1082901
6.95579 1083241
6.95736 1083581
6.95894 1083921
6.96051 1084261
6.96209 1084601
6.96367 1084941
6.96524 1085281
6.96682 1085621
6.96839 1085961
6.96997 1086301
6.97155 1086641
6.97312 1086981
6.9747 1087321
6.97627 1087661
6.97785 1088001
6.97943 1088341
6.981 1088681
6.98258 1089021
6.98415 1089361
6.98573 1089701
6.98731 1090041
6.98888 1090381
7.08743 1090721
7.08743 1091061
7.08743 1091401
7.08743 1091741
7.08743 1092081
7.08743 1092421
7.08743 1092761
7.08743 1093101
7.08743 1093441
7.08743 1093781
7.08743 1094121
7.08743 1094461
7.08743 1094801
7.08743 1095141
7.08743 1095481
7.08743 1095821
7.08743 1096161
7.08743 1096501
7.08743 1096841
7.08743 1097181
7.08743 1097521
7.08743 1097861
7.08743 1098201
7.08743 1098541
7.08743 1098881
7.08743 1099221
7.08743 1099561
7.08743 1099901
7.08743 1100241
7.08743 1100581
7.08743 1100921
7.08743 1101261
7.08743 1101601
7.08743 1101941
7.08743 1102281
7.08743 1102621
7.08743 1102961
7.08743 1103301
7.08743 1103641
7.08743 1103981
7.08743 1104321
7.08743 1104661
7.08743 1105001
7.08743 1105341
7.08743 1105681
7.08743 1106021
7.08743 1106361
7.08743 1106701
7.08743 1107041
7.08743 1107381
7.08743 1107721
7.08743 1108061
7.08743 1108401
7.08743 1108741
7.08743 1109081
7.08743 1109421
7.08743 1109761
7.09761 1110101
7.09919 1110441
7.10076 1110781
7.10234 1111121
7.10392 1111461
7.10549 1111801
7.10707 1112141
7.10864 1112481
7.11022 1112821
7.1118 1113161
7.11337 1113501
7.11495 1113841
7.11652 1114181
7.1181 1114521
7.11968 1114861
7.12125 1115201
7.12283 1115541
7.1244 1115881
7.12598 1116221
7.12756 1116561
7.12913 1116901
7.13071 1117241
7.13228 1117581
7.13386 1117921
7.13544 1118261
7.13701 1118601
7.13859 1118941
7.14016 1119281
7.14174 1119621
7.14332 1119961
7.14489 1120301
7.14647 1120641
7.14804 1120981
7.1512 1121321
7.15277 1121661
7.15435 1122001
7.15592 1122341
7.1575 1122681
7.15908 1123021
7.16065 1123361
7.16223 1123701
7.1638 1124041
7.16538 1124381
7.16696 1124721
7.16853 1125061
7.17011 1125401
7.17168 1125741
7.17326 1126081
7.17484 1126421
7.17641 1126761
7.17799 1127101
7.17956 1127441
7.18114 1127781
7.19136 1128121
7.19293 1128461
7.19451 1128801
7.19609 1129141
7.19766 1129481
7.19924 1129821
7.20081 1130161
7.20239 1130501
7.20397 1130841
7.20554 1131181
7.20712 1131521
7.20869 1131861
7.21027 1132201
7.21185 1132541
7.21342 1132881
7.215 1133221
7.21657 1133561
7.21815 1133901
7.21973 1134241
7.2213 1134581
7.22288 1134921
7.22445 1135261
7.22603 1135601
7.22761 1135941
7.22918 1136281
7.23076 1136621
7.23233 1136961
7.23391 1137301
7.23549 1137641
7.23706 1137981
7.23864 1138321
7.24021 1138661
7.24337 1139001
7.24494 1139341
7.24652 1139681
7.24809 1140021
7.24967 1140361
7.25125 1140701
7.25282 1141041
7.2544 1141381
7.25597 1141721
7.25755 1142061
7.25913 1142401
7.2607 1142741
7.26228 1143081
7.26385 1143421
7.26543 1143761
7.26701 1144101
7.26858 1144441
7.27016 1144781
7.27173 1145121
7.27331 1145461
7.28353 1145801
7.28511 1146141
7.28668 1146481
7.28826 1146821
7.28983 1147161
7.29141 1147501
7.29299 1147841
7.29456 1148181
7.29614 1148521
7.29771 1148861
7.29929 1149201
7.30087 1149541
7.30244 1149881
7.30402 1150221
7.30559 1150561
7.30717 1150901
7.30875 1151241
7.31032 1151581
7.3119 1151921
7.31347 1152261
7.31505 1152601
7.31663 1152941
7.3182 1153281
7.31978 1153621
7.32135 1153961
7.32293 1154301
7.32451 1154641
7.32608 1154981
7.32766 1155321
7.32923 1155661
7.33081 1156001
7.33239 1156341
7.33396 1156681
7.33554 1157021
7.33711 1157361
7.33869 1157701
7.34027 1158041
7.34184 1158381
7.34342 1158721
7.34499 1159061
7.34657 1159401
7.34815 1159741
7.34972 1160081
7.3513 1160421
7.35287 1160761
7.35445 1161101
7.35603 1161441
7.3576 1161781
7.35918 1162121
7.36075 1162461
7.36233 1162801
7.36391 1163141
7.36548 1163481
7.3757 1163821
7.37728 1164161
7.37885 1164501
7.38043 1164841
7.382 1165181
7.38358 1165521
7.38516 1165861
7.38673 1166201
7.39146 1166541
7.39304 1166881
7.39461 1167221
7.39619 1167561
7.39776 1167901
7.39934 1168241
7.40092 1168581
7.40249 1168921
7.40407 1169261
7.40564 1169601
7.40722 1169941
7.4088 1170281
7.41037 1170621
7.41195 1170961
7.41352 1171301
7.4151 1171641
7.51361 1171981
7.51361 1172321
7.51361 1172661
7.51361 1173001
7.51361 1173341
7.51361 1173681
7.51361 1174021
7.51361 1174361
7.51361 1174701
7.51361 1175041
7.51361 1175381
7.51361 1175721
7.51361 1176061
7.51361 1176401
7.51361 1176741
7.51361 1177081
7.51361 1177421
7.51361 1177761
7.51361 1178101
7.51361 1178441
7.51361 1178781
7.51361 1179121
7.51361 1179461
7.51361 1179801
7.51361 1180141
7.51361 1180481
7.51361 1180821
7.51361 1181161
7.51361 1181501
7.51361 1181841
7.51361 1182181
7.51361 1182521
7.51361 1182861
7.51361 1183201
7.51361 1183541
7.51361 1183881
7.51361 1184221
7.51361 1184561
7.51361 1184901
7.51361 1185241
7.51361 1185581
7.51361 1185921
7.51361 1186261
7.51361 1186601
7.51361 1186941
7.51361 1187281
7.51361 1187621
7.51361 1187961
7.51361 1188301
7.51361 1188641
7.51361 1188981
7.51361 1189321
7.51361 1189661
7.51361 1190001
7.51361 1190341
7.51361 1190681
7.51834 1191021
7.51992 1191361
7.52149 1191701
7.52307 1192041
7.52464 1192381
7.52622 1192721
7.5278 1193061
7.52937 1193401
7.53095 1193741
7.53252 1194081
7.5341 1194421
7.53568 1194761
7.53725 1195101
7.53883 1195441
7.5404 1195781
7.54198 1196121
7.54356 1196461
7.54513 1196801
7.54671 1197141
7.54828 1197481
7.54986 1197821
7.55144 1198161
7.55301 1198501
7.55459 1198841
7.56165 1199181
7.56323 1199521
7.56481 1199861
7.56638 1200201
7.56796 1200541
7.56953 1200881
7.57111 1201221
7.57269 1201561
7.57741 1201901
7.57899 1202241
7.58057 1202581
7.58214 1202921
7.58372 1203261
7.58529 1203601
7.58687 1203941
7.58845 1204281
7.59002 1204621
7.5916 1204961
7.59317 1205301
7.59475 1205641
7.59633 1205981
7.5979 1206321
7.59948 1206661
7.60105 1207001
7.60267 1207341
7.60425 1207681
7.60582 1208021
7.61209 1208361
7.61366 1208701
7.61524 1209041
7.61681 1209381
7.61839 1209721
7.61997 1210061
7.62154 1210401
7.62312 1210741
7.62469 1211081
7.62627 1211421
7.62785 1211761
7.62942 1212101
7.631 1212441
7.63257 1212781
7.63415 1213121
7.63573 1213461
7.6373 1213801
7.63888 1214141
7.64045 1214481
7.64203 1214821
7.64361 1215161
7.64518 1215501
7.64676 1215841
7.64833 1216181
7.6554 1216521
7.65698 1216861
7.65855 1217201
7.66013 1217541
7.66171 1217881
7.66328 1218221
7.66486 1218561
7.66643 1218901
7.66801 1219241
7.67116 1219581
7.67274 1219921
7.67431 1220261
7.67589 1220601
7.67747 1220941
7.67904 1221281
7.68062 1221621
7.68219 1221961
7.68377 1222301
7.68535 1222641
7.68692 1222981
7.6885 1223321
7.69007 1223661
7.69165 1224001
7.69323 1224341
7.6948 1224681
7.79804 1225021
7.79804 1225361
7.79804 1225701
7.79804 1226041
7.79804 1226381
7.79804 1226721
7.79804 1227061
7.79804 1227401
7.79804 1227741
7.79804 1228081
7.79804 1228421
7.79804 1228761
7.79804 1229101
7.79804 1229441
7.79804 1229781
7.79804 1230121
7.79804 1230461
7.79804 1230801
7.79804 1231141
7.79804 1231481
7.79804 1231821
7.79804 1232161
7.79804 1232501
7.79804 1232841
7.79804 1233181
7.79804 1233521
7.79804 1233861
7.79804 1234201
7.79804 1234541
7.79804 1234881
7.79804 1235221
7.79804 1235561
7.79804 1235901
7.79804 1236241
7.79804 1236581
7.79804 1236921
7.79804 1237261
7.79804 1237601
7.79804 1237941
7.79804 1238281
7.79804 1238621
7.79804 1238961
7.79804 1239301
7.79804 1239641
7.79804 1239981
7.79804 1240321
7.79804 1240661
7.79804 1241001
7.79804 1241341
7.79804 1241681
7.79804 1242021
7.79804 1242361
7.79804 1242701
7.79804 1243041
7.8075 1243381
7.80907 1243721
7.81065 1244061
7.81223 1244401
7.8138 1244741
7.81538 1245081
7.81695 1245421
7.81853 1245761
7.82011 1246101
7.82168 1246441
7.82326 1246781
7.82483 1247121
7.82641 1247461
7.82799 1247801
7.82956 1248141
7.83114 1248481
7.83271 1248821
7.83978 1249161
7.84136 1249501
7.84293 1249841
7.84451 1250181
7.84608 1250521
7.84766 1250861
7.84924 1251201
7.85081 1251541
7.85239 1251881
7.85396 1252221
7.85712 1252561
7.85869 1252901
7.86027 1253241
7.86184 1253581
7.86342 1253921
7.865 1254261
7.86657 1254601
7.86815 1254941
7.86972 1255281
7.8713 1255621
7.87288 1255961
7.87445 1256301
7.87603 1256641
7.8776 1256981
7.87918 1257321
7.88076 1257661
7.88241 1258001
7.88867 1258341
7.89025 1258681
7.90124 1259021
7.90282 1259361
7.9044 1259701
7.90597 1260041
7.90755 1260381
7.90912 1260721
7.9107 1261061
7.91228 1261401
7.91385 1261741
7.91543 1262081
7.917 1262421
7.91858 1262761
7.92016 1263101
7.92173 1263441
7.92331 1263781
7.92488 1264121
7.93195 1264461
7.93353 1264801
7.9351 1265141
7.93668 1265481
7.93825 1265821
7.93983 1266161
7.94141 1266501
7.94298 1266841
7.94456 1267181
7.94613 1267521
7.94929 1267861
7.95086 1268201
7.95244 1268541
7.95401 1268881
7.95559 1269221
7.95717 1269561
7.95874 1269901
7.96032 1270241
7.96189 1270581
7.96347 1270921
7.9682 1271261
8.06829 1271601
8.06829 1271941
8.06829 1272281
8.06829 1272621
8.06829 1272961
8.06829 1273301
8.06829 1273641
8.06829 1273981
8.06829 1274321
8.06829 1274661
8.06829 1275001
8.06829 1275341
8.06829 1275681
8.06829 1276021
8.06829 1276361
8.06829 1276701
8.06829 1277041
8.06829 1277381
8.06829 1277721
8.06829 1278061
8.06829 1278401
8.06829 1278741
8.06829 1279081
8.06829 1279421
8.06829 1279761
8.06829 1280101
8.06829 1280441
8.06829 1280781
8.06829 1281121
8.06829 1281461
8.06829 1281801
8.06829 1282141
8.06829 1282481
8.06829 1282821
8.06829 1283161
8.06829 1283501
8.06829 1283841
8.06829 1284181
8.06829 1284521
8.06829 1284861
8.06829 1285201
8.06829 1285541
8.06829 1285881
8.06829 1286221
8.06829 1286561
8.06829 1286901
8.06829 1287241
8.06829 1287581
8.06986 1287921
8.07144 1288261
8.07302 1288601
8.07459 1288941
8.07617 1289281
8.07774 1289621
8.07932 1289961
8.0809 1290301
8.08247 1290641
8.0872 1290981
8.08878 1291321
8.09035 1291661
8.09193 1292001
8.0935 1292341
8.09508 1292681
8.09666 1293021
8.09823 1293361
8.09981 1293701
8.10138 1294041
8.10296 1294381
8.10454 1294721
8.10611 1295061
8.10769 1295401
8.10926 1295741
8.11084 1296081
8.11791 1296421
8.11948 1296761
8.12106 1297101
8.12263 1297441
8.12421 1297781
8.12579 1298121
8.12736 1298461
8.12894 1298801
8.13051 1299141
8.13209 1299481
8.13524 1299821
8.13682 1300161
8.13839 1300501
8.13997 1300841
8.14155 1301181
8.14312 1301521
8.1447 1301861
8.14627 1302201
8.14785 1302541
8.14943 1302881
8.15577 1303221
8.15734 1303561
8.15892 1303901
8.1605 1304241
8.16361 1304581
8.16519 1304921
8.16676 1305261
8.16834 1305601
8.16991 1305941
8.17149 1306281
8.17307 1306621
8.17464 1306961
8.17937 1307301
8.18095 1307641
8.18252 1307981
8.1841 1308321
8.18567 1308661
8.18725 1309001
8.18883 1309341
8.1904 1309681
8.19198 1310021
8.19355 1310361
8.19513 1310701
8.19671 1311041
8.19828 1311381
8.19986 1311721
8.20143 1312061
8.20301 1312401
8.21008 1312741
8.21165 1313081
8.31174 1313421
8.31174 1313761
8.31174 1314101
8.31174 1314441
8.31174 1314781
8.31174 1315121
8.31174 1315461
8.31174 1315801
8.31174 1316141
8.31174 1316481
8.31174 1316821
8.31174 1317161
8.31174 1317501
8.31174 1317841
8.31174 1318181
8.31174 1318521
8.31174 1318861
8.31174 1319201
8.31174 1319541
8.31174 1319881
8.31174 1320221
8.31174 1320561
8.31174 1320901
8.31174 1321241
8.31174 1321581
8.31174 1321921
8.31174 1322261
8.31174 1322601
8.31174 1322941
8.31174 1323281
8.31174 1323621
8.31174 1323961
8.31174 1324301
8.31174 1324641
8.31174 1324981
8.31174 1325321
8.31174 1325661
8.31174 1326001
8.31174 1326341
8.31174 1326681
8.31174 1327021
8.31174 1327361
8.31174 1327701
8.31174 1328041
8.31174 1328381
8.31174 1328721
8.31174 1329061
8.31174 1329401
8.31174 1329741
8.31174 1330081
8.31174 1330421
8.31174 1330761
8.31489 1331101
8.31647 1331441
8.31962 1331781
8.3212 1332121
8.32277 1332461
8.32435 1332801
8.32593 1333141
8.3275 1333481
8.32908 1333821
8.33065 1334161
8.33223 1334501
8.33381 1334841
8.34015 1335181
8.34172 1335521
8.3433 1335861
8.34488 1336201
8.34799 1336541
8.34957 1336881
8.35114 1337221
8.35272 1337561
8.35429 1337901
8.35587 1338241
8.35745 1338581
8.35902 1338921
8.36375 1339261
8.36533 1339601
8.3669 1339941
8.36848 1340281
8.37005 1340621
8.37163 1340961
8.37321 1341301
8.37478 1341641
8.37636 1341981
8.37793 1342321
8.37951 1342661
8.38109 1343001
8.38266 1343341
8.38424 1343681
8.38581 1344021
8.38739 1344361
8.49143 1344701
8.49143 1345041
8.49143 1345381
8.49143 1345721
8.49143 1346061
8.49143 1346401
8.49143 1346741
8.49143 1347081
8.49143 1347421
8.49143 1347761
8.49143 1348101
8.49143 1348441
8.49143 1348781
8.49143 1349121
8.49143 1349461
8.49143 1349801
8.49143 1350141
8.49143 1350481
8.49143 1350821
8.49143 1351161
8.49143 1351501
8.49143 1351841
8.49143 1352181
8.49143 1352521
8.49143 1352861
8.49143 1353201
8.49143 1353541
8.49143 1353881
8.49143 1354221
8.49143 1354561
8.49143 1354901
8.49143 1355241
8.49143 1355581
8.49143 1355921
8.49143 1356261
8.49143 1356601
8.49143 1356941
8.49143 1357281
8.49143 1357621
8.49143 1357961
8.49143 1358301
8.49143 1358641
8.49143 1358981
8.49143 1359321
8.49143 1359661
8.49143 1360001
8.49143 1360341
8.49143 1360681
8.49143 1361021
8.49143 1361361
8.5986 1361701
8.5986 1362041
8.5986 1362381
8.5986 1362721
8.5986 1363061
8.5986 1363401
8.5986 1363741
8.5986 1364081
8.5986 1364421
8.5986 1364761
8.5986 1365101
8.5986 1365441
8.5986 1365781
8.5986 1366121
8.5986 1366461
8.5986 1366801
8.5986 1367141
8.5986 1367481
8.5986 1367821
8.5986 1368161
8.5986 1368501
8.5986 1368841
8.5986 1369181
8.5986 1369521
8.5986 1369861
8.5986 1370201
8.5986 1370541
8.5986 1370881
8.5986 1371221
8.5986 1371561
8.5986 1371901
8.5986 1372241
8.5986 1372581
8.5986 1372921
8.5986 1373261
8.5986 1373601
8.5986 1373941
8.5986 1374281
8.5986 1374621
8.5986 1374961
8.5986 1375301
8.5986 1375641
8.5986 1375981
8.5986 1376321
8.5986 1376661
8.5986 1377001
8.5986 1377341
8.5986 1377681
8.5986 1378021
8.5986 1378361
8.5986 1378701
8.5986 1379041
8.5986 1379381
8.5986 1379721
8.5986 1380061
8.5986 1380401
8.5986 1380741
8.5986 1381081
8.5986 1381421
8.5986 1381761
8.5986 1382101
8.5986 1382441
8.5986 1382781
8.5986 1383121
8.5986 1383461
8.5986 1383801
8.5986 1384141
8.60017 1384481
8.60175 1384821
8.60333 1385161
8.6049 1385501
8.60648 1385841
8.60805 1386181
8.60963 1386521
8.61121 1386861
8.61278 1387201
8.61436 1387541
8.61593 1387881
8.61751 1388221
8.61909 1388561
8.62066 1388901
8.62224 1389241
8.62381 1389581
8.62539 1389921
8.62697 1390261
8.62854 1390601
8.63012 1390941
8.63169 1391281
8.63327 1391621
8.63485 1391961
8.63642 1392301
8.638 1392641
8.63957 1392981
8.64115 1393321
8.64273 1393661
8.6443 1394001
8.64588 1394341
8.64745 1394681
8.64903 1395021
8.96265 1395361
8.96265 1395701
8.96265 1396041
8.96265 1396381
8.96265 1396721
8.96265 1397061
8.96265 1397401
8.96265 1397741
8.96265 1398081
8.96265 1398421
8.96265 1398761
8.96265 1399101
8.96265 1399441
8.96265 1399781
8.96265 1400121
8.96265 1400461
8.96265 1400801
8.96265 1401141
8.96265 1401481
8.96265 1401821
8.96265 1402161
8.96265 1402501
8.96265 1402841
8.96265 1403181
8.96265 1403521
8.96265 1403861
8.96265 1404201
8.96265 1404541
8.96265 1404881
8.96265 1405221
8.96265 1405561
8.96265 1405901
8.96265 1406241
8.96265 1406581
8.96265 1406921
8.96265 1407261
8.96265 1407601
8.96265 1407941
8.96265 1408281
8.96265 1408621
8.96265 1408961
8.96265 1409301
8.96265 1409641
8.96265 1409981
8.96265 1410321
8.96265 1410661
8.96265 1411001
8.96265 1411341
8.96265 1411681
8.96265 1412021
8.96265 1412361
8.96265 1412701
8.96265 1413041
8.96265 1413381
8.96265 1413721
8.96265 1414061
8.96265 1414401
8.96265 1414741
8.96265 1415081
8.96265 1415421
8.96265 1415761
8.96265 1416101
8.96265 1416441
8.96265 1416781
8.96265 1417121
8.96265 1417461
8.96265 1417801
8.96265 1418141
8.96265 1418481
8.96265 1418821
8.96265 1419161
8.96265 1419501
8.96265 1419841
8.96265 1420181
8.96265 1420521
8.96265 1420861
8.96265 1421201
8.96265 1421541
8.96265 1421881
8.96265 1422221
8.96265 1422561
8.96265 1422901
8.96265 1423241
8.96265 1423581
8.96265 1423921
8.96265 1424261
8.96265 1424601
8.96265 1424941
8.96265 1425281
8.96265 1425621
8.96265 1425961
8.96265 1426301
8.96265 1426641
8.96265 1426981
8.96265 1427321
8.96265 1427661
8.96265 1428001
8.96265 1428341
8.96265 1428681
8.96265 1429021
8.96265 1429361
8.96265 1429701
8.96265 1430041
8.96265 1430381
8.96265 1430721
8.96265 1431061
8.96265 1431401
8.96265 1431741
8.96265 1432081
8.96265 1432421
8.96265 1432761
8.96265 1433101
8.96265 1433441
8.96265 1433781
8.96265 1434121
8.96265 1434461
8.96265 1434801
8.96265 1435141
8.96265 1435481
8.96265 1435821
8.96265 1436161
8.96265 1436501
8.96265 1436841
8.96265 1437181
8.96265 1437521
8.96265 1437861
8.96265 1438201
8.96265 1438541
8.96265 1438881
8.96265 1439221
8.96265 1439561
8.96265 1439901
8.96265 1440241
8.96265 1440581
8.96265 1440921
8.96265 1441261
8.96265 1441601
8.96265 1441941
8.96265 1442281
8.96265 1442621
8.96265 1442961
8.96265 1443301
8.96265 1443641
8.96265 1443981
8.96265 1444321
8.96265 1444661
8.96265 1445001
8.96265 1445341
8.96265 1445681
8.96265 1446021
8.96265 1446361
8.96265 1446701
8.96265 1447041
8.96265 1447381
8.96265 1447721
8.96265 1448061
8.96265 1448401
8.96265 1448741
8.96265 1449081
8.96265 1449421
8.96265 1449761
8.96265 1450101
8.96265 1450441
8.96265 1450781
8.96265 1451121
8.96265 1451461
8.96265 1451801
8.96265 1452141
8.96265 1452481
8.96265 1452821
8.96265 1453161
8.96265 1453501
8.96265 1453841
8.96265 1454181
8.96265 1454521
8.96265 1454861
8.96265 1455201
8.96265 1455541
8.96265 1455881
8.96265 1456221
8.96265 1456561
8.96265 1456901
8.96265 1457241
8.96265 1457581
8.96265 1457921
8.96265 1458261
8.96265 1458601
8.96265 1458941
8.96265 1459281
8.96265 1459621
8.96265 1459961
8.96265 1460301
8.96265 1460641
8.96265 1460981
8.96265 1461321
8.96265 1461661
8.96265 1462001
8.96265 1462341
8.96423 1462681
8.96581 1463021
8.96738 1463361
8.96896 1463701
8.97053 1464041
8.97211 1464381
8.97369 1464721
8.97526 1465061
8.97684 1465401
8.97841 1465741
8.97999 1466081
8.98157 1466421
8.98314 1466761
8.98472 1467101
8.98629 1467441
8.98787 1467781
8.98945 1468121
8.99102 1468461
8.9926 1468801
8.99417 1469141
8.99575 1469481
8.99733 1469821
8.9989 1470161
9.00048 1470501
9.00205 1470841
9.00363 1471181
9.00521 1471521
9.00678 1471861
9.00836 1472201
9.00993 1472541
9.01151 1472881
9.01309 1473221
9.01466 1473561
9.01624 1473901
9.01781 1474241
9.01939 1474581
9.02097 1474921
9.02254 1475261
9.02412 1475601
9.02569 1475941
9.02727 1476281
9.02885 1476621
9.03042 1476961
9.032 1477301
9.03357 1477641
9.03515 1477981
9.03673 1478321
9.0383 1478661
9.03988 1479001
9.04145 1479341
9.04303 1479681
9.04461 1480021
9.04618 1480361
9.04776 1480701
9.04933 1481041
9.05091 1481381
9.05249 1481721
9.05406 1482061
9.05564 1482401
9.05721 1482741
9.05879 1483081
9.06037 1483421
9.06194 1483761
9.06352 1484101
9.06509 1484441
9.06667 1484781
9.06825 1485121
9.06982 1485461
9.0714 1485801
9.07297 1486141
9.07455 1486481
9.07613 1486821
9.0777 1487161
9.07928 1487501
9.08085 1487841
9.08243 1488181
9.08401 1488521
9.08558 1488861
9.08716 1489201
9.08873 1489541
9.09031 1489881
9.09189 1490221
9.09346 1490561
9.09504 1490901
9.09661 1491241
9.09819 1491581
9.09977 1491921
9.10134 1492261
9.10292 1492601
9.10449 1492941
9.10607 1493281
9.10765 1493621
9.10922 1493961
9.1108 1494301
9.11237 1494641
9.11395 1494981
9.11553 1495321
9.1171 1495661
9.11868 1496001
9.12025 1496341
9.12183 1496681
9.12341 1497021
9.12498 1497361
9.12656 1497701
9.12813 1498041
9.12971 1498381
9.13129 1498721
9.13286 1499061
9.13444 1499401
9.13601 1499741
9.13759 1500081
9.13917 1500421
9.14074 1500761
9.14232 1501101
9.14389 1501441
9.14547 1501781
9.14705 1502121
9.14862 1502461
9.1502 1502801
9.15177 1503141
9.15335 1503481
9.15493 1503821
9.1565 1504161
9.15808 1504501
9.15965 1504841
9.16123 1505181
9.16281 1505521
9.16438 1505861
9.16596 1506201
9.16753 1506541
9.16911 1506881
9.17069 1507221
9.17226 1507561
9.17384 1507901
9.17541 1508241
9.17699 1508581
9.17857 1508921
9.18014 1509261
9.18172 1509601
9.18329 1509941
9.18487 1510281
9.18645 1510621
9.18802 1510961
9.1896 1511301
9.19117 1511641
9.19275 1511981
9.19433 1512321
9.1959 1512661
9.19748 1513001
9.19905 1513341
9.20063 1513681
9.20221 1514021
9.20378 1514361
9.20536 1514701
9.20693 1515041
9.20851 1515381
9.21009 1515721
9.21166 1516061
9.21324 1516401
9.21481 1516741
9.21639 1517081
9.21797 1517421
9.21954 1517761
9.22112 1518101
9.22269 1518441
9.22427 1518781
9.22585 1519121
9.22742 1519461
9.229 1519801
9.23057 1520141
9.23215 1520481
9.23373 1520821
9.2353 1521161
9.23688 1521501
9.23845 1521841
9.24003 1522181
9.24161 1522521
9.24318 1522861
9.24476 1523201
9.24633 1523541
9.24791 1523881
9.24949 1524221
9.25106 1524561
9.25264 1524901
9.25421 1525241
9.25579 1525581
9.25737 1525921
9.25894 1526261
9.26052 1526601
9.26209 1526941
9.26367 1527281
9.26525 1527621
9.26682 1527961
9.2684 1528301
9.26997 1528641
9.27155 1528981
9.27313 1529321
9.2747 1529661
9.27628 1530001
9.27785 1530341
9.27943 1530681
9.28101 1531021
9.28258 1531361
9.28416 1531701
9.28573 1532041
9.28731 1532381
9.28889 1532721
9.29046 1533061
9.29204 1533401
9.29361 1533741
9.29519 1534081
9.29677 1534421
9.29834 1534761
9.29992 1535101
9.30149 1535441
9.30307 1535781
9.30465 1536121
9.30622 1536461
9.3078 1536801
9.30937 1537141
9.31095 1537481
9.31253 1537821
9.3141 1538161
9.31568 1538501
9.31725 1538841
9.31883 1539181
9.32041 1539521
9.32198 1539861
9.32356 1540201
9.32513 1540541
9.32671 1540881
9.32829 1541221
9.32986 1541561
9.33144 1541901
9.33301 1542241
9.33459 1542581
9.33617 1542921
9.33774 1543261
9.33932 1543601
9.34089 1543941
9.34247 1544281
9.34405 1544621
9.34562 1544961
9.3472 1545301
9.34877 1545641
9.35035 1545981
9.35193 1546321
9.3535 1546661
9.35508 1547001
9.35665 1547341
9.35823 1547681
9.35981 1548021
9.36138 1548361
9.36296 1548701
9.36453 1549041
9.36611 1549381
9.36769 1549721
9.36926 1550061
9.37084 1550401
9.37241 1550741
9.37399 1551081
9.37557 1551421
9.37714 1551761
9.37872 1552101
9.38029 1552441
9.38187 1552781
9.38345 1553121
9.38502 1553461
9.3866 1553801
9.38817 1554141
9.38975 1554481
9.39133 1554821
9.3929 1555161
9.39448 1555501
9.39605 1555841
9.39763 1556181
9.39921 1556521
9.40078 1556861
9.40236 1557201
9.40393 1557541
9.40551 1557881
9.40709 1558221
9.40866 1558561
9.41024 1558901
9.41181 1559241
9.41339 1559581
9.41497 1559921
9.41654 1560261
9.41812 1560601
9.41969 1560941
9.42127 1561281
9.42285 1561621
9.42442 1561961
9.426 1562301
9.42757 1562641
9.42915 1562981
9.43073 1563321
9.4323 1563661
9.43388 1564001
9.43545 1564341
9.43703 1564681
9.43861 1565021
9.44018 1565361
9.44176 1565701
9.44333 1566041
9.44491 1566381
9.44649 1566721
9.44806 1567061
9.44964 1567401
9.45121 1567741
9.45279 1568081
9.45437 1568421
9.45594 1568761
9.45752 1569101
9.45909 1569441
9.46067 1569781
9.46225 1570121
9.46382 1570461
9.4654 1570801
9.46697 1571141
9.46855 1571481
9.47013 1571821
9.4717 1572161
9.47328 1572501
9.47485 1572841
9.47643 1573181
9.47801 1573521
9.47958 1573861
9.48116 1574201
9.48273 1574541
9.48431 1574881
9.48589 1575221
9.48746 1575561
9.48904 1575901
9.49061 1576241
9.49219 1576581
9.63561 1576921
9.63561 1577261
9.63561 1577601
9.63561 1577941
9.63561 1578281
9.63561 1578621
9.63561 1578961
9.63561 1579301
9.63561 1579641
9.63561 1579981
9.63561 1580321
9.63561 1580661
9.63561 1581001
9.63561 1581341
9.63561 1581681
9.63561 1582021
9.63561 1582361
9.63561 1582701
9.63561 1583041
9.63561 1583381
9.63561 1583721
9.63561 1584061
9.63561 1584401
9.63561 1584741
9.63561 1585081
9.63561 1585421
9.63561 1585761
9.63561 1586101
9.63561 1586441
9.63561 1586781
9.63561 1587121
9.63561 1587461
9.63561 1587801
9.63561 1588141
9.63561 1588481
9.63561 1588821
9.63561 1589161
9.63561 1589501
9.63561 1589841
9.63561 1590181
9.63561 1590521
9.63561 1590861
9.63561 1591201
9.63561 1591541
9.63561 1591881
9.66324 1592221
9.66324 1592561
9.66324 1592901
9.66324 1593241
9.66324 1593581
9.66324 1593921
9.66324 1594261
9.66324 1594601
9.66324 1594941
9.66324 1595281
9.66324 1595621
9.66324 1595961
9.66324 1596301
9.66324 1596641
9.66324 1596981
9.66324 1597321
9.66324 1597661
9.66324 1598001
9.66324 1598341
9.66324 1598681
9.66324 1599021
9.66324 1599361
9.66324 1599701
9.66324 1600041
9.66324 1600381
9.66324 1600721
9.66324 1601061
9.66324 1601401
9.66324 1601741
9.66324 1602081
9.66324 1602421
9.66324 1602761
9.66324 1603101
9.66324 1603441
9.66324 1603781
9.66324 1604121
9.66324 1604461
9.66324 1604801
9.66324 1605141
9.66324 1605481
9.66324 1605821
9.66324 1606161
9.66324 1606501
9.66324 1606841
9.66324 1607181
9.66324 1607521
9.66324 1607861
9.66324 1608201
9.66324 1608541
9.66324 1608881
9.66324 1609221
9.66324 1609561
9.66324 1609901
9.66324 1610241
9.66481 1610581
9.66639 1610921
9.66797 1611261
9.66954 1611601
9.67112 1611941
9.67269 1612281
9.67427 1612621
9.67585 1612961
9.67742 1613301
9.679 1613641
9.68057 1613981
9.68215 1614321
9.68373 1614661
9.6853 1615001
9.68688 1615341
9.68845 1615681
9.69003 1616021
9.69161 1616361
9.69318 1616701
9.69476 1617041
9.69633 1617381
9.69791 1617721
9.69949 1618061
9.70106 1618401
9.70264 1618741
9.70421 1619081
9.70579 1619421
9.70737 1619761
9.70894 1620101
9.71052 1620441
9.71209 1620781
9.71367 1621121
9.71525 1621461
9.71682 1621801
9.7184 1622141
9.71997 1622481
9.72155 1622821
9.72313 1623161
9.7247 1623501
9.72628 1623841
9.72785 1624181
9.72943 1624521
9.73101 1624861
9.73807 1625201
9.73965 1625541
9.74122 1625881
9.7428 1626221
9.74438 1626561
9.74595 1626901
9.75072 1627241
9.75229 1627581
9.75387 1627921
9.75545 1628261
9.75856 1628601
9.76014 1628941
9.76171 1629281
9.76329 1629621
9.76486 1629961
9.76644 1630301
9.76802 1630641
9.76959 1630981
9.77117 1631321
9.77274 1631661
9.77432 1632001
9.7759 1632341
9.77747 1632681
9.77905 1633021
9.78062 1633361
9.7822 1633701
9.78378 1634041
9.78535 1634381
9.78693 1634721
9.7885 1635061
9.79008 1635401
9.79166 1635741
9.79323 1636081
9.79481 1636421
9.79638 1636761
9.79796 1637101
9.79954 1637441
9.80111 1637781
9.80269 1638121
9.80426 1638461
9.80584 1638801
9.80742 1639141
9.80899 1639481
9.81057 1639821
9.81214 1640161
9.81372 1640501
9.8153 1640841
9.81687 1641181
9.91696 1641521
9.91696 1641861
9.91696 1642201
9.91696 1642541
9.91696 1642881
9.91696 1643221
9.91696 1643561
9.91696 1643901
9.91696 1644241
9.91696 1644581
9.91696 1644921
9.91696 1645261
9.91696 1645601
9.91696 1645941
9.91696 1646281
9.91696 1646621
9.91696 1646961
9.91696 1647301
9.91696 1647641
9.91696 1647981
9.91696 1648321
9.91696 1648661
9.91696 1649001
9.91696 1649341
9.91696 1649681
9.91696 1650021
9.91696 1650361
9.91696 1650701
9.91696 1651041
9.91696 1651381
9.91696 1651721
9.91696 1652061
9.91696 1652401
9.91696 1652741
9.91696 1653081
9.91696 1653421
9.91696 1653761
9.91696 1654101
9.91696 1654441
9.91696 1654781
9.91696 1655121
9.91696 1655461
9.91696 1655801
9.91696 1656141
9.91696 1656481
9.91696 1656821
9.91696 1657161
9.91696 1657501
9.91696 1657841
9.91696 1658181
9.91696 1658521
9.91696 1658861
9.91696 1659201
9.91696 1659541
9.91696 1659881
9.91696 1660221
9.92403 1660561
9.9256 1660901
9.92718 1661241
9.92876 1661581
9.93033 1661921
9.9351 1662261
9.93667 1662601
9.93825 1662941
9.93983 1663281
9.9414 1663621
9.94298 1663961
9.94455 1664301
9.94613 1664641
9.94771 1664981
9.94928 1665321
9.95086 1665661
9.95243 1666001
9.95401 1666341
9.95559 1666681
9.95716 1667021
9.95874 1667361
9.96031 1667701
9.96189 1668041
9.96347 1668381
9.96504 1668721
9.96662 1669061
9.96819 1669401
9.96977 1669741
9.97135 1670081
9.97292 1670421
9.9745 1670761
9.97607 1671101
9.97765 1671441
9.97923 1671781
9.9808 1672121
9.98238 1672461
9.98395 1672801
9.98553 1673141
9.98711 1673481
9.98868 1673821
9.99026 1674161
9.99183 1674501
9.99341 1674841
9.99499 1675181
9.99656 1675521
9.99814 1675861
9.99971 1676201
10.0013 1676541
10.0044 1676881
10.006 1677221
10.0076 1677561
10.0092 1677901
10.0178 1678241
10.0193 1678581
10.0209 1678921
10.0225 1679261
10.0273 1679601
10.0288 1679941
10.0304 1680281
10.032 1680621
10.0367 1680961
10.0383 1681301
10.0399 1681641
10.0415 1681981
10.043 1682321
10.0446 1682661
10.0462 1683001
10.0478 1683341
10.0493 1683681
10.0509 1684021
10.0525 1684361
10.0541 1684701
10.0556 1685041
10.0572 1685381
10.0588 1685721
10.0604 1686061
10.0619 1686401
10.0635 1686741
10.0651 1687081
10.0667 1687421
10.0682 1687761
10.0698 1688101
10.0714 1688441
10.073 1688781
10.0745 1689121
10.0761 1689461
10.0777 1689801
10.0793 1690141
10.0809 1690481
10.0824 1690821
10.084 1691161
10.0856 1691501
10.0872 1691841
10.0887 1692181
10.0903 1692521
10.0919 1692861
10.0935 1693201
10.095 1693541
10.0966 1693881
10.0982 1694221
10.0998 1694561
