0.137521 341
0.139097 681
0.140673 1021
0.142249 1361
0.143825 1701
0.145401 2041
0.247028 2381
0.247028 2721
0.247028 3061
0.247028 3401
0.247028 3741
0.247028 4081
0.247028 4421
0.247028 4761
0.247028 5101
0.247028 5441
0.247028 5781
0.247028 6121
0.247028 6461
0.247028 6801
0.247028 7141
0.248604 7481
0.3219 7821
0.323476 8161
0.325052 8501
0.326628 8841
0.328204 9181
0.32978 9521
0.331356 9861
0.332932 10201
0.334508 10541
0.336084 10881
0.33766 11221
0.339236 11561
0.340812 11901
0.414071 12241
0.415647 12581
0.417223 12921
0.418799 13261
0.420375 13601
0.421951 13941
0.423527 14281
0.425103 14621
0.426679 14961
0.428255 15301
0.429831 15641
0.431407 15981
0.432983 16321
0.434559 16661
0.507817 17001
0.509393 17341
0.510969 17681
0.512545 18021
0.514121 18361
0.515697 18701
0.517273 19041
0.518849 19381
0.520425 19721
0.522001 20061
0.523577 20401
0.525153 20741
0.526729 21081
0.528305 21421
0.601564 21761
0.60314 22101
0.604716 22441
0.606292 22781
0.607868 23121
0.609444 23461
0.61102 23801
0.612596 24141
0.614172 24481
0.615748 24821
0.617324 25161
0.6189 25501
0.620476 25841
0.622052 26181
0.623628 26521
0.69531 26861
0.696886 27201
0.698462 27541
0.700038 27881
0.701614 28221
0.70319 28561
0.704766 28901
0.706342 29241
0.707918 29581
0.709494 29921
0.71107 30261
0.712646 30601
0.714222 30941
0.715798 31281
0.78748 31621
0.789056 31961
0.790632 32301
0.792208 32641
0.793784 32981
0.79536 33321
0.796936 33661
0.798512 34001
0.800088 34341
0.801664 34681
0.80324 35021
0.804816 35361
0.806392 35701
0.807968 36041
0.809544 36381
0.879651 36721
0.881227 37061
0.882803 37401
0.884379 37741
0.885955 38081
0.887531 38421
0.889107 38761
0.890683 39101
0.892259 39441
0.893835 39781
0.895411 40121
0.896987 40461
0.898563 40801
0.900139 41141
0.901715 41481
0.903291 41821
0.973397 42161
0.974973 42501
0.976549 42841
0.978125 43181
0.979701 43521
0.981277 43861
0.982853 44201
0.984429 44541
0.986005 44881
0.987581 45221
0.989157 45561
0.990733 45901
0.992309 46241
0.993885 46581
0.995461 46921
0.997037 47261
0.998613 47601
1.06714 47941
1.06872 48281
1.0703 48621
1.07187 48961
1.07345 49301
1.07502 49641
1.0766 49981
1.07818 50321
1.07975 50661
1.08133 51001
1.0829 51341
1.08448 51681
1.08606 52021
1.08763 52361
1.08921 52701
1.09078 53041
1.15931 53381
1.16089 53721
1.16247 54061
1.16404 54401
1.16562 54741
1.16719 55081
1.16877 55421
1.17035 55761
1.17192 56101
1.1735 56441
1.17507 56781
1.17665 57121
1.17823 57461
1.1798 57801
1.18138 58141
1.18295 58481
1.18453 58821
1.25148 59161
1.25306 59501
1.25464 59841
1.25621 60181
1.25779 60521
1.25936 60861
1.26094 61201
1.26252 61541
1.26409 61881
1.26567 62221
1.26724 62561
1.26882 62901
1.2704 63241
1.27197 63581
1.27355 63921
1.27512 64261
1.2767 64601
1.27828 64941
1.34523 65281
1.34681 65621
1.34838 65961
1.34996 66301
1.35153 66641
1.35311 66981
1.35469 67321
1.35626 67661
1.35784 68001
1.35941 68341
1.36099 68681
1.36257 69021
1.36414 69361
1.36572 69701
1.36729 70041
1.36887 70381
1.37045 70721
1.37202 71061
1.3736 71401
1.43898 71741
1.44055 72081
1.44213 72421
1.44371 72761
1.44528 73101
1.44686 73441
1.44843 73781
1.45001 74121
1.45159 74461
1.45316 74801
1.45474 75141
1.45631 75481
1.45789 75821
1.45947 76161
1.46104 76501
1.46262 76841
1.46419 77181
1.46577 77521
1.53115 77861
1.53272 78201
1.5343 78541
1.53588 78881
1.53745 79221
1.53903 79561
1.5406 79901
1.54218 80241
1.54376 80581
1.54533 80921
1.54691 81261
1.54848 81601
1.55006 81941
1.55164 82281
1.55321 82621
1.55479 82961
1.55636 83301
1.55794 83641
1.62332 83981
1.62489 84321
1.62647 84661
1.62805 85001
1.62962 85341
1.6312 85681
1.63277 86021
1.63435 86361
1.63593 86701
1.6375 87041
1.63908 87381
1.64065 87721
1.64223 88061
1.64381 88401
1.64538 88741
1.64696 89081
1.64853 89421
1.65011 89761
1.65169 90101
1.71549 90441
1.71706 90781
1.71864 91121
1.72022 91461
1.72179 91801
1.72337 92141
1.72494 92481
1.72652 92821
1.7281 93161
1.72967 93501
1.73125 93841
1.73282 94181
1.7344 94521
1.73598 94861
1.73755 95201
1.73913 95541
1.7407 95881
1.74228 96221
1.74386 96561
1.74543 96901
1.80923 97241
1.81081 97581
1.81239 97921
1.81396 98261
1.81554 98601
1.81711 98941
1.81869 99281
1.82027 99621
1.82184 99961
1.82342 100301
1.82499 100641
1.82657 100981
1.82815 101321
1.82972 101661
1.8313 102001
1.83287 102341
1.83445 102681
1.83603 103021
1.8376 103361
1.83918 103701
1.84075 104041
1.90298 104381
1.90456 104721
1.90613 105061
1.90771 105401
1.90929 105741
1.91086 106081
1.91244 106421
1.91401 106761
1.91559 107101
1.91717 107441
1.91874 107781
1.92032 108121
1.92189 108461
1.92347 108801
1.92505 109141
1.92662 109481
1.9282 109821
1.92977 110161
1.93135 110501
1.93293 110841
1.99515 111181
1.99673 111521
1.9983 111861
1.99988 112201
2.00146 112541
2.00303 112881
2.00461 113221
2.00618 113561
2.00776 113901
2.00934 114241
2.01091 114581
2.01249 114921
2.01406 115261
2.01564 115601
2.01722 115941
2.01879 116281
2.02037 116621
2.02194 116961
2.02352 117301
2.0251 117641
2.02667 117981
2.08732 118321
2.0889 118661
2.09047 119001
2.09205 119341
2.09363 119681
2.0952 120021
2.09678 120361
2.09835 120701
2.09993 121041
2.10151 121381
2.10308 121721
2.10466 122061
2.10623 122401
2.10781 122741
2.10939 123081
2.11096 123421
2.11254 123761
2.11411 124101
2.11569 124441
2.11727 124781
2.11884 125121
2.12042 125461
2.18107 125801
2.18264 126141
2.18422 126481
2.1858 126821
2.18737 127161
2.18895 127501
2.19052 127841
2.1921 128181
2.19368 128521
2.19525 128861
2.19683 129201
2.1984 129541
2.19998 129881
2.20156 130221
2.20313 130561
2.20471 130901
2.20628 131241
2.20786 131581
2.20944 131921
2.21101 132261
2.21259 132601
2.21416 132941
2.21574 133281
2.27481 133621
2.27639 133961
2.27797 134301
2.27954 134641
2.28112 134981
2.28269 135321
2.28427 135661
2.28585 136001
2.28742 136341
2.289 136681
2.29057 137021
2.29215 137361
2.29373 137701
2.2953 138041
2.29688 138381
2.29845 138721
2.30003 139061
2.30161 139401
2.30318 139741
2.30476 140081
2.30633 140421
2.30791 140761
2.36699 141101
2.36856 141441
2.37014 141781
2.37171 142121
2.37329 142461
2.37487 142801
2.37644 143141
2.37802 143481
2.37959 143821
2.38117 144161
2.38275 144501
2.38432 144841
2.3859 145181
2.38747 145521
2.38905 145861
2.39063 146201
2.3922 146541
2.39378 146881
2.39535 147221
2.39693 147561
2.39851 147901
2.40008 148241
2.40166 148581
2.45916 148921
2.46073 149261
2.46231 149601
2.46388 149941
2.46546 150281
2.46704 150621
2.46861 150961
2.47019 151301
2.47176 151641
2.47334 151981
2.47492 152321
2.47649 152661
2.47807 153001
2.47964 153341
2.48122 153681
2.4828 154021
2.48437 154361
2.48595 154701
2.48752 155041
2.4891 155381
2.49068 155721
2.49225 156061
2.49383 156401
2.4954 156741
2.5529 157081
2.55448 157421
2.55605 157761
2.55763 158101
2.55921 158441
2.56078 158781
2.56236 159121
2.56393 159461
2.56551 159801
2.56709 160141
2.56866 160481
2.57024 160821
2.57181 161161
2.57339 161501
2.57497 161841
2.57654 162181
2.57812 162521
2.57969 162861
2.58127 163201
2.58285 163541
2.58442 163881
2.586 164221
2.58757 164561
2.58915 164901
2.64665 165241
2.64822 165581
2.6498 165921
2.65138 166261
2.65295 166601
2.65453 166941
2.6561 167281
2.65768 167621
2.65926 167961
2.66083 168301
2.66241 168641
2.66398 168981
2.66556 169321
2.66714 169661
2.66871 170001
2.67029 170341
2.67186 170681
2.67344 171021
2.67502 171361
2.67659 171701
2.67817 172041
2.67974 172381
2.68132 172721
2.6829 173061
2.68447 173401
2.74039 173741
2.74197 174081
2.74355 174421
2.74512 174761
2.7467 175101
2.74827 175441
2.74985 175781
2.75143 176121
2.753 176461
2.75458 176801
2.75615 177141
2.75773 177481
2.75931 177821
2.76088 178161
2.76246 178501
2.76403 178841
2.76561 179181
2.76719 179521
2.76876 179861
2.77034 180201
2.77191 180541
2.77349 180881
2.77507 181221
2.77664 181561
2.83257 181901
2.83414 182241
2.83572 182581
2.83729 182921
2.83887 183261
2.84045 183601
2.84202 183941
2.8436 184281
2.84517 184621
2.84675 184961
2.84833 185301
2.8499 185641
2.85148 185981
2.85305 186321
2.85463 186661
2.85621 187001
2.85778 187341
2.85936 187681
2.86093 188021
2.86251 188361
2.86409 188701
2.86566 189041
2.86724 189381
2.86881 189721
2.87039 190061
2.92474 190401
2.92631 190741
2.92789 191081
2.92946 191421
2.93104 191761
2.93262 192101
2.93419 192441
2.93577 192781
2.93734 193121
2.93892 193461
2.9405 193801
2.94207 194141
2.94365 194481
2.94522 194821
2.9468 195161
2.94838 195501
2.94995 195841
2.95153 196181
2.9531 196521
2.95468 196861
2.95626 197201
2.95783 197541
2.95941 197881
2.96098 198221
2.96256 198561
2.96414 198901
3.01848 199241
3.02006 199581
3.02163 199921
3.02321 200261
3.02479 200601
3.02636 200941
3.02794 201281
3.02951 201621
3.03109 201961
3.03267 202301
3.03424 202641
3.03582 202981
3.03739 203321
3.03897 203661
3.13748 204001
3.13748 204341
3.13748 204681
3.13748 205021
3.13748 205361
3.13748 205701
3.13748 206041
3.13748 206381
3.13748 206721
3.13748 207061
3.13748 207401
3.13748 207741
3.13748 208081
3.13748 208421
3.13748 208761
3.13748 209101
3.13748 209441
3.13748 209781
3.13748 210121
3.13748 210461
3.13748 210801
3.13748 211141
3.13748 211481
3.13748 211821
3.13748 212161
3.13748 212501
3.13748 212841
3.13748 213181
3.13748 213521
3.13906 213861
3.14063 214201
3.14221 214541
3.14379 214881
3.14536 215221
3.14694 215561
3.14851 215901
3.15009 216241
3.15167 216581
3.15324 216921
3.15482 217261
3.15639 217601
3.15797 217941
3.15955 218281
3.16112 218621
3.1627 218961
3.16427 219301
3.16585 219641
3.16743 219981
3.169 220321
3.17058 220661
3.17215 221001
3.17373 221341
3.17531 221681
3.17688 222021
3.17846 222361
3.18003 222701
3.18161 223041
3.18319 223381
3.18476 223721
3.18634 224061
3.18791 224401
3.18949 224741
3.19107 225081
3.20444 225421
3.20601 225761
3.20759 226101
3.20917 226441
3.21074 226781
3.21232 227121
3.21389 227461
3.21547 227801
3.21705 228141
3.21862 228481
3.2202 228821
3.22177 229161
3.22335 229501
3.22493 229841
3.22654 230181
3.22812 230521
3.22969 230861
3.23281 231201
3.23438 231541
3.23596 231881
3.23753 232221
3.23911 232561
3.24069 232901
3.24226 233241
3.24384 233581
3.24541 233921
3.24699 234261
3.24857 234601
3.25014 234941
3.25172 235281
3.25329 235621
3.25487 235961
3.25645 236301
3.25802 236641
3.2596 236981
3.26117 237321
3.26275 237661
3.26433 238001
3.2659 238341
3.26748 238681
3.26905 239021
3.27063 239361
3.27221 239701
3.27378 240041
3.27536 240381
3.27693 240721
3.27851 241061
3.28009 241401
3.28166 241741
3.28324 242081
3.28481 242421
3.29818 242761
3.29976 243101
3.30134 243441
3.30291 243781
3.30449 244121
3.30606 244461
3.30764 244801
3.30922 245141
3.31079 245481
3.31237 245821
3.31394 246161
3.31552 246501
3.3171 246841
3.31867 247181
3.32029 247521
3.32186 247861
3.32498 248201
3.32655 248541
3.32813 248881
3.3297 249221
3.33128 249561
3.33286 249901
3.33443 250241
3.33601 250581
3.33758 250921
3.33916 251261
3.34074 251601
3.34231 251941
3.34389 252281
3.34546 252621
3.34704 252961
3.34862 253301
3.35019 253641
3.35177 253981
3.35334 254321
3.35492 254661
3.3565 255001
3.35807 255341
3.35965 255681
3.36122 256021
3.3628 256361
3.36438 256701
3.36595 257041
3.466 257381
3.466 257721
3.466 258061
3.466 258401
3.466 258741
3.466 259081
3.466 259421
3.466 259761
3.466 260101
3.466 260441
3.466 260781
3.466 261121
3.466 261461
3.466 261801
3.466 262141
3.466 262481
3.466 262821
3.466 263161
3.466 263501
3.466 263841
3.466 264181
3.466 264521
3.466 264861
3.466 265201
3.466 265541
3.466 265881
3.466 266221
3.466 266561
3.466 266901
3.466 267241
3.466 267581
3.466 267921
3.466 268261
3.466 268601
3.466 268941
3.466 269281
3.466 269621
3.466 269961
3.466 270301
3.466 270641
3.466 270981
3.466 271321
3.466 271661
3.466 272001
3.466 272341
3.466 272681
3.466 273021
3.466 273361
3.466 273701
3.466 274041
3.466 274381
3.466 274721
3.466 275061
3.466 275401
3.46758 275741
3.46915 276081
3.47073 276421
3.47231 276761
3.48256 277101
3.48414 277441
3.48571 277781
3.48729 278121
3.48887 278461
3.49044 278801
3.49202 279141
3.49359 279481
3.49517 279821
3.49675 280161
3.49832 280501
3.4999 280841
3.50147 281181
3.50305 281521
3.50463 281861
3.5062 282201
3.50778 282541
3.50935 282881
3.51093 283221
3.51251 283561
3.51408 283901
3.51566 284241
3.51723 284581
3.51881 284921
3.52039 285261
3.52196 285601
3.52354 285941
3.52511 286281
3.52669 286621
3.52827 286961
3.52984 287301
3.53142 287641
3.53299 287981
3.53457 288321
3.53615 288661
3.53772 289001
3.5393 289341
3.54087 289681
3.54245 290021
3.54403 290361
3.5456 290701
3.54718 291041
3.54875 291381
3.55033 291721
3.55191 292061
3.55348 292401
3.55506 292741
3.55663 293081
3.55821 293421
3.56132 293761
3.5629 294101
3.56448 294441
3.56605 294781
3.57631 295121
3.57789 295461
3.57946 295801
3.58104 296141
3.58261 296481
3.58419 296821
3.58577 297161
3.58734 297501
3.58892 297841
3.59049 298181
3.59207 298521
3.59365 298861
3.59522 299201
3.5968 299541
3.59837 299881
3.59995 300221
3.60153 300561
3.6031 300901
3.60468 301241
3.60625 301581
3.60783 301921
3.60941 302261
3.61098 302601
3.61256 302941
3.61413 303281
3.61571 303621
3.61729 303961
3.61886 304301
3.62044 304641
3.62201 304981
3.62359 305321
3.62517 305661
3.62674 306001
3.62832 306341
3.62989 306681
3.63147 307021
3.63305 307361
3.63462 307701
3.6362 308041
3.63777 308381
3.63935 308721
3.64093 309061
3.6425 309401
3.64408 309741
3.64565 310081
3.64723 310421
3.64881 310761
3.65038 311101
3.65196 311441
3.65353 311781
3.65511 312121
3.65669 312461
3.65826 312801
3.66848 313141
3.67006 313481
3.67163 313821
3.67321 314161
3.67478 314501
3.67636 314841
3.67794 315181
3.67951 315521
3.68109 315861
3.68266 316201
3.68424 316541
3.68582 316881
3.68739 317221
3.68897 317561
3.69054 317901
3.69212 318241
3.6937 318581
3.69527 318921
3.69685 319261
3.69842 319601
3.7 319941
3.70158 320281
3.70315 320621
3.70473 320961
3.7063 321301
3.70788 321641
3.70946 321981
3.71103 322321
3.71261 322661
3.71418 323001
3.71576 323341
3.71734 323681
3.71891 324021
3.72049 324361
3.72206 324701
3.72364 325041
3.72522 325381
3.72679 325721
3.72837 326061
3.72994 326401
3.73152 326741
3.7331 327081
3.73467 327421
3.73625 327761
3.73782 328101
3.7394 328441
3.74098 328781
3.74255 329121
3.74413 329461
3.7457 329801
3.74728 330141
3.74886 330481
3.75043 330821
3.75201 331161
3.76223 331501
3.7638 331841
3.76538 332181
3.76695 332521
3.76853 332861
3.77011 333201
3.77168 333541
3.77326 333881
3.77483 334221
3.77641 334561
3.77799 334901
3.77956 335241
3.78114 335581
3.78271 335921
3.78429 336261
3.78587 336601
3.78744 336941
3.78902 337281
3.79059 337621
3.79217 337961
3.79375 338301
3.79532 338641
3.7969 338981
3.79847 339321
3.80005 339661
3.80163 340001
3.8032 340341
3.80478 340681
3.80635 341021
3.80793 341361
3.80951 341701
3.81108 342041
3.81266 342381
3.81423 342721
3.81581 343061
3.81739 343401
3.81896 343741
3.82054 344081
3.82211 344421
3.82369 344761
3.82527 345101
3.82684 345441
3.82842 345781
3.82999 346121
3.83157 346461
3.83315 346801
3.83472 347141
3.8363 347481
3.83787 347821
3.83945 348161
3.84103 348501
3.8426 348841
3.84418 349181
3.84575 349521
3.84733 349861
3.85597 350201
3.85755 350541
3.85912 350881
3.8607 351221
3.86228 351561
3.86385 351901
3.86543 352241
3.867 352581
3.86858 352921
3.87016 353261
3.87173 353601
3.87331 353941
3.87488 354281
3.87646 354621
3.87804 354961
3.87961 355301
3.88119 355641
3.88276 355981
3.88434 356321
3.88592 356661
3.88749 357001
3.88907 357341
3.89064 357681
3.89222 358021
3.8938 358361
3.89537 358701
3.89695 359041
3.89852 359381
3.9001 359721
3.90168 360061
3.90325 360401
3.90483 360741
3.9064 361081
3.90798 361421
3.90956 361761
3.91113 362101
3.91271 362441
3.91428 362781
3.91586 363121
3.91744 363461
3.91901 363801
3.92059 364141
3.92216 364481
3.92374 364821
3.92532 365161
3.92689 365501
3.93162 365841
3.9332 366181
3.93477 366521
3.93635 366861
3.93792 367201
3.9395 367541
3.94108 367881
4.0435 368221
4.0435 368561
4.0435 368901
4.0435 369241
4.0435 369581
4.0435 369921
4.0435 370261
4.0435 370601
4.0435 370941
4.0435 371281
4.0435 371621
4.0435 371961
4.0435 372301
4.0435 372641
4.0435 372981
4.0435 373321
4.0435 373661
4.0435 374001
4.0435 374341
4.0435 374681
4.0435 375021
4.0435 375361
4.0435 375701
4.0435 376041
4.0435 376381
4.0435 376721
4.0435 377061
4.0435 377401
4.0435 377741
4.0435 378081
4.0435 378421
4.0435 378761
4.0435 379101
4.0435 379441
4.0435 379781
4.0435 380121
4.0435 380461
4.0435 380801
4.0435 381141
4.0435 381481
4.0435 381821
4.0435 382161
4.0435 382501
4.0435 382841
4.0435 383181
4.0435 383521
4.0435 383861
4.0435 384201
4.0435 384541
4.0435 384881
4.0435 385221
4.0435 385561
4.0435 385901
4.0435 386241
4.0435 386581
4.0435 386921
4.0435 387261
4.0435 387601
4.05296 387941
4.05454 388281
4.05611 388621
4.05769 388961
4.05926 389301
4.06084 389641
4.06242 389981
4.06399 390321
4.06557 390661
4.06714 391001
4.06872 391341
4.0703 391681
4.07187 392021
4.07345 392361
4.07502 392701
4.0766 393041
4.07818 393381
4.07975 393721
4.08133 394061
4.0829 394401
4.08448 394741
4.08606 395081
4.08763 395421
4.08921 395761
4.09078 396101
4.09236 396441
4.09394 396781
4.09551 397121
4.09709 397461
4.09866 397801
4.10024 398141
4.10182 398481
4.10339 398821
4.10497 399161
4.10654 399501
4.10812 399841
4.1097 400181
4.11127 400521
4.116 400861
4.11758 401201
4.11915 401541
4.12073 401881
4.1223 402221
4.12546 402561
4.12703 402901
4.12861 403241
4.13018 403581
4.13256 403921
4.13414 404261
4.13571 404601
4.14671 404941
4.14828 405281
4.14986 405621
4.15143 405961
4.15301 406301
4.15459 406641
4.15616 406981
4.15774 407321
4.15931 407661
4.16089 408001
4.16247 408341
4.16404 408681
4.16562 409021
4.16719 409361
4.16877 409701
4.17035 410041
4.17192 410381
4.1735 410721
4.17507 411061
4.17665 411401
4.17823 411741
4.1798 412081
4.18138 412421
4.18295 412761
4.18453 413101
4.18611 413441
4.18768 413781
4.18926 414121
4.19083 414461
4.19241 414801
4.19399 415141
4.19556 415481
4.19714 415821
4.19871 416161
4.20029 416501
4.20187 416841
4.20344 417181
4.20502 417521
4.20659 417861
4.20975 418201
4.21132 418541
4.2129 418881
4.21447 419221
4.21763 419561
4.2192 419901
4.22078 420241
4.22235 420581
4.22473 420921
4.22631 421261
4.22788 421601
4.22946 421941
4.24045 422281
4.24203 422621
4.2436 422961
4.24518 423301
4.24676 423641
4.24833 423981
4.24991 424321
4.25148 424661
4.25306 425001
4.25464 425341
4.25621 425681
4.25779 426021
4.25936 426361
4.26094 426701
4.26252 427041
4.26409 427381
4.26567 427721
4.26724 428061
4.26882 428401
4.2704 428741
4.27197 429081
4.27355 429421
4.27512 429761
4.2767 430101
4.27828 430441
4.27985 430781
4.28143 431121
4.283 431461
4.28458 431801
4.28616 432141
4.28773 432481
4.28931 432821
4.29088 433161
4.29246 433501
4.29404 433841
4.29561 434181
4.29719 434521
4.29876 434861
4.30192 435201
4.30349 435541
4.30507 435881
4.30664 436221
4.3098 436561
4.31137 436901
4.31295 437241
4.31452 437581
4.3169 437921
4.31848 438261
4.32005 438601
4.32163 438941
4.33262 439281
4.3342 439621
4.33577 439961
4.33735 440301
4.33893 440641
4.3405 440981
4.34208 441321
4.34365 441661
4.34523 442001
4.34681 442341
4.34838 442681
4.34996 443021
4.35153 443361
4.35311 443701
4.35469 444041
4.35626 444381
4.35784 444721
4.35941 445061
4.36099 445401
4.36257 445741
4.36414 446081
4.36572 446421
4.36729 446761
4.36887 447101
4.37045 447441
4.37202 447781
4.3736 448121
4.37517 448461
4.37675 448801
4.37833 449141
4.3799 449481
4.38148 449821
4.38305 450161
4.38463 450501
4.38621 450841
4.38778 451181
4.38936 451521
4.39093 451861
4.39251 452201
4.39409 452541
4.39566 452881
4.39724 453221
4.39881 453561
4.40197 453901
4.40354 454241
4.40512 454581
4.40669 454921
4.40907 455261
4.41065 455601
4.41222 455941
4.4138 456281
4.42479 456621
4.42637 456961
4.42795 457301
4.42952 457641
4.4311 457981
4.43267 458321
4.43425 458661
4.43583 459001
4.4374 459341
4.43898 459681
4.44055 460021
4.44213 460361
4.44371 460701
4.44528 461041
4.44686 461381
4.44843 461721
4.45001 462061
4.45159 462401
4.45316 462741
4.45474 463081
4.45631 463421
4.45789 463761
4.45947 464101
4.46104 464441
4.46262 464781
4.46419 465121
4.46577 465461
4.46735 465801
4.46892 466141
4.4705 466481
4.47207 466821
4.47365 467161
4.47523 467501
4.4768 467841
4.47838 468181
4.47995 468521
4.48153 468861
4.48311 469201
4.48468 469541
4.48626 469881
4.48783 470221
4.48941 470561
4.49099 470901
4.49256 471241
4.49571 471581
4.49729 471921
4.49887 472261
4.50044 472601
4.50282 472941
4.50439 473281
4.50597 473621
4.50755 473961
4.51854 474301
4.61863 474641
4.61863 474981
4.61863 475321
4.61863 475661
4.61863 476001
4.61863 476341
4.61863 476681
4.61863 477021
4.61863 477361
4.61863 477701
4.61863 478041
4.61863 478381
4.61863 478721
4.61863 479061
4.61863 479401
4.61863 479741
4.61863 480081
4.61863 480421
4.61863 480761
4.61863 481101
4.61863 481441
4.61863 481781
4.61863 482121
4.61863 482461
4.61863 482801
4.61863 483141
4.61863 483481
4.61863 483821
4.61863 484161
4.61863 484501
4.61863 484841
4.61863 485181
4.61863 485521
4.61863 485861
4.61863 486201
4.61863 486541
4.61863 486881
4.61863 487221
4.61863 487561
4.61863 487901
4.61863 488241
4.61863 488581
4.61863 488921
4.61863 489261
4.61863 489601
4.61863 489941
4.61863 490281
4.61863 490621
4.61863 490961
4.61863 491301
4.61863 491641
4.61863 491981
4.61863 492321
4.61863 492661
4.61863 493001
4.62336 493341
4.62493 493681
4.62651 494021
4.62808 494361
4.62966 494701
4.63124 495041
4.63281 495381
4.63439 495721
4.63596 496061
4.63754 496401
4.63912 496741
4.64069 497081
4.64227 497421
4.64384 497761
4.64542 498101
4.647 498441
4.64857 498781
4.65015 499121
4.65172 499461
4.6533 499801
4.65488 500141
4.65645 500481
4.65803 500821
4.6596 501161
4.66118 501501
4.66276 501841
4.66433 502181
4.66591 502521
4.66748 502861
4.66906 503201
4.67064 503541
4.67221 503881
4.67379 504221
4.67536 504561
4.67694 504901
4.67852 505241
4.68009 505581
4.68167 505921
4.68324 506261
4.68482 506601
4.6864 506941
4.68877 507281
4.69035 507621
4.69193 507961
4.6935 508301
4.70611 508641
4.70769 508981
4.70926 509321
4.71084 509661
4.7171 510001
4.71868 510341
4.72025 510681
4.72183 511021
4.72341 511361
4.72498 511701
4.82507 512041
4.82507 512381
4.82507 512721
4.82507 513061
4.82507 513401
4.82507 513741
4.82507 514081
4.82507 514421
4.82507 514761
4.82507 515101
4.82507 515441
4.82507 515781
4.82507 516121
4.82507 516461
4.82507 516801
4.82507 517141
4.82507 517481
4.82507 517821
4.82507 518161
4.82507 518501
4.82507 518841
4.82507 519181
4.82507 519521
4.82507 519861
4.82507 520201
4.82507 520541
4.82507 520881
4.82507 521221
4.82507 521561
4.82507 521901
4.82507 522241
4.82507 522581
4.82507 522921
4.82507 523261
4.82507 523601
4.82507 523941
4.82507 524281
4.82507 524621
4.82507 524961
4.82507 525301
4.82507 525641
4.82507 525981
4.82507 526321
4.82507 526661
4.82507 527001
4.82507 527341
4.82507 527681
4.82507 528021
4.82507 528361
4.82507 528701
4.82507 529041
4.82507 529381
4.82665 529721
4.82822 530061
4.8298 530401
4.83138 530741
4.83295 531081
4.83453 531421
4.8361 531761
4.83768 532101
4.83926 532441
4.84083 532781
4.84241 533121
4.84398 533461
4.84556 533801
4.84714 534141
4.84871 534481
4.85029 534821
4.85186 535161
4.85344 535501
4.85502 535841
4.85659 536181
4.85817 536521
4.85974 536861
4.86132 537201
4.8629 537541
4.86447 537881
4.86605 538221
4.86762 538561
4.8692 538901
4.87078 539241
4.87235 539581
4.87393 539921
4.8755 540261
4.87708 540601
4.87866 540941
4.88023 541281
4.98425 541621
4.98425 541961
4.98425 542301
4.98425 542641
4.98425 542981
4.98425 543321
4.98425 543661
4.98425 544001
4.98425 544341
4.98425 544681
4.98425 545021
4.98425 545361
4.98425 545701
4.98425 546041
4.98425 546381
4.98425 546721
4.98425 547061
4.98425 547401
4.98425 547741
4.98425 548081
4.98425 548421
4.98425 548761
4.98425 549101
4.98425 549441
4.98425 549781
4.98425 550121
4.98425 550461
4.98425 550801
4.98425 551141
4.98425 551481
4.98425 551821
4.98425 552161
4.98425 552501
4.98425 552841
4.98425 553181
4.98425 553521
4.98425 553861
4.98425 554201
4.98425 554541
4.98425 554881
4.98425 555221
4.98425 555561
5.10087 555901
5.10087 556241
5.10087 556581
5.10087 556921
5.10087 557261
5.10087 557601
5.10087 557941
5.10087 558281
5.10087 558621
5.10087 558961
5.10087 559301
5.10087 559641
5.10087 559981
5.10087 560321
5.10087 560661
5.10087 561001
5.10087 561341
5.10087 561681
5.10087 562021
5.10087 562361
5.10087 562701
5.10087 563041
5.10087 563381
5.10087 563721
5.10087 564061
5.10087 564401
5.10087 564741
5.10087 565081
5.10087 565421
5.10087 565761
5.10087 566101
5.10087 566441
5.10087 566781
5.10087 567121
5.10087 567461
5.10087 567801
5.10087 568141
5.10087 568481
5.10087 568821
5.10087 569161
5.10087 569501
5.10087 569841
5.10087 570181
5.10087 570521
5.10087 570861
5.10087 571201
5.10087 571541
5.10087 571881
5.10087 572221
5.10087 572561
5.10087 572901
5.10087 573241
5.10087 573581
5.10087 573921
5.10087 574261
5.10087 574601
5.10087 574941
5.10087 575281
5.10087 575621
5.10087 575961
5.10087 576301
5.10087 576641
5.10087 576981
5.10087 577321
5.10087 577661
5.10087 578001
5.10087 578341
5.10087 578681
5.10087 579021
5.10087 579361
5.10087 579701
5.10087 580041
5.10087 580381
5.10087 580721
5.10087 581061
5.10087 581401
5.10087 581741
5.10087 582081
5.10087 582421
5.10087 582761
5.10087 583101
5.10087 583441
5.10087 583781
5.10087 584121
5.10087 584461
5.10087 584801
5.10087 585141
5.10087 585481
5.10087 585821
5.10087 586161
5.10087 586501
5.10087 586841
5.10087 587181
5.10087 587521
5.10087 587861
5.10087 588201
5.10245 588541
5.10402 588881
5.1056 589221
5.10718 589561
5.10875 589901
5.11033 590241
5.1119 590581
5.11348 590921
5.11506 591261
5.11663 591601
5.11821 591941
5.11978 592281
5.12136 592621
5.12294 592961
5.12451 593301
5.12609 593641
5.12766 593981
5.12924 594321
5.13082 594661
5.13239 595001
5.13397 595341
5.13554 595681
5.13712 596021
5.1387 596361
5.14027 596701
5.14185 597041
5.14342 597381
5.145 597721
5.14658 598061
5.14815 598401
5.14973 598741
5.1513 599081
5.15288 599421
5.15446 599761
5.15603 600101
5.15761 600441
5.15918 600781
5.16076 601121
5.16234 601461
5.16391 601801
5.16549 602141
5.16706 602481
5.16864 602821
5.17022 603161
5.17179 603501
5.17337 603841
5.17494 604181
5.17652 604521
5.1781 604861
5.17967 605201
5.18125 605541
5.18282 605881
5.1844 606221
5.18598 606561
5.18755 606901
5.18913 607241
5.1907 607581
5.19228 607921
5.19386 608261
5.19543 608601
5.19701 608941
5.19858 609281
5.20016 609621
5.20174 609961
5.20331 610301
5.20489 610641
5.20646 610981
5.20804 611321
5.20962 611661
5.21119 612001
5.21277 612341
5.21434 612681
5.21592 613021
5.2175 613361
5.21907 613701
5.22065 614041
5.22222 614381
5.2238 614721
5.22538 615061
5.22695 615401
5.22853 615741
5.2301 616081
5.23168 616421
5.23326 616761
5.23483 617101
5.23641 617441
5.23798 617781
5.23956 618121
5.24114 618461
5.24271 618801
5.24429 619141
5.24586 619481
5.24744 619821
5.24902 620161
5.25059 620501
5.25217 620841
5.25374 621181
5.25532 621521
5.2569 621861
5.25847 622201
5.26005 622541
5.26162 622881
5.2632 623221
5.26478 623561
5.26635 623901
5.26793 624241
5.2695 624581
5.27108 624921
5.27266 625261
5.27423 625601
5.27581 625941
5.27738 626281
5.27896 626621
5.28054 626961
5.28211 627301
5.28369 627641
5.28526 627981
5.28684 628321
5.28842 628661
5.28999 629001
5.29157 629341
5.29314 629681
5.29472 630021
5.2963 630361
5.29787 630701
5.29945 631041
5.30102 631381
5.3026 631721
5.30418 632061
5.30575 632401
5.30733 632741
5.3089 633081
5.31048 633421
5.31206 633761
5.31363 634101
5.31521 634441
5.31678 634781
5.31836 635121
5.31994 635461
5.32151 635801
5.32309 636141
5.32466 636481
5.32624 636821
5.32782 637161
5.32939 637501
5.33097 637841
5.33254 638181
5.33412 638521
5.3357 638861
5.33727 639201
5.33885 639541
5.34042 639881
5.342 640221
5.34358 640561
5.34515 640901
5.34673 641241
5.3483 641581
5.34988 641921
5.35146 642261
5.35303 642601
5.35461 642941
5.35618 643281
5.35776 643621
5.35934 643961
5.36091 644301
5.36249 644641
5.36406 644981
5.36564 645321
5.36722 645661
5.36879 646001
5.37037 646341
5.37194 646681
5.37352 647021
5.3751 647361
5.37667 647701
5.37825 648041
5.37982 648381
5.3814 648721
5.38298 649061
5.38455 649401
5.38613 649741
5.3877 650081
5.38928 650421
5.39086 650761
5.39243 651101
5.39401 651441
5.39558 651781
5.39716 652121
5.39874 652461
5.40031 652801
5.40189 653141
5.40346 653481
5.40504 653821
5.40662 654161
5.40819 654501
5.40977 654841
5.41134 655181
5.41292 655521
5.4145 655861
5.41607 656201
5.41765 656541
5.41922 656881
5.4208 657221
5.42238 657561
5.42395 657901
5.42553 658241
5.4271 658581
5.42868 658921
5.43026 659261
5.43183 659601
5.43341 659941
5.43498 660281
5.43656 660621
5.43814 660961
5.43971 661301
5.44129 661641
5.44286 661981
5.44444 662321
5.44602 662661
5.44759 663001
5.44917 663341
5.45074 663681
5.45232 664021
5.4539 664361
5.45547 664701
5.45705 665041
5.45862 665381
5.4602 665721
5.46178 666061
5.46335 666401
5.46493 666741
5.4665 667081
5.46808 667421
5.46966 667761
5.47123 668101
5.47281 668441
5.47438 668781
5.47596 669121
5.47754 669461
5.47911 669801
5.48069 670141
5.48226 670481
5.48384 670821
5.48542 671161
5.48699 671501
5.48857 671841
5.49014 672181
5.49172 672521
5.4933 672861
5.49487 673201
5.49645 673541
5.49802 673881
5.4996 674221
5.50118 674561
5.50275 674901
5.50433 675241
5.5059 675581
5.50748 675921
5.50906 676261
5.51063 676601
5.51221 676941
5.51378 677281
5.51536 677621
5.51694 677961
5.51851 678301
5.52009 678641
5.52166 678981
5.52324 679321
5.52482 679661
5.52639 680001
5.52797 680341
5.52954 680681
5.53112 681021
5.5327 681361
5.53427 681701
5.53585 682041
5.53742 682381
5.539 682721
5.54058 683061
5.54215 683401
5.54373 683741
5.5453 684081
5.54688 684421
5.54846 684761
5.55003 685101
5.55161 685441
5.55318 685781
5.55476 686121
5.55634 686461
5.55791 686801
5.55949 687141
5.56106 687481
5.56264 687821
5.56422 688161
5.56579 688501
5.56737 688841
5.56894 689181
5.57052 689521
5.5721 689861
5.57367 690201
5.57525 690541
5.57682 690881
5.5784 691221
5.57998 691561
5.58155 691901
5.58313 692241
5.5847 692581
5.74073 692921
5.74073 693261
5.74073 693601
5.74073 693941
5.74073 694281
5.74073 694621
5.74073 694961
5.74073 695301
5.74073 695641
5.74073 695981
5.74073 696321
5.74073 696661
5.74073 697001
5.74073 697341
5.74073 697681
5.74073 698021
5.74073 698361
5.74073 698701
5.74073 699041
5.74073 699381
5.74073 699721
5.74073 700061
5.74073 700401
5.74073 700741
5.74073 701081
5.74073 701421
5.74073 701761
5.74073 702101
5.74073 702441
5.74073 702781
5.74073 703121
5.74073 703461
5.74073 703801
5.74073 704141
5.74073 704481
5.74073 704821
5.74073 705161
5.74073 705501
5.74073 705841
5.74073 706181
5.74073 706521
5.74073 706861
5.74073 707201
5.74073 707541
5.74073 707881
5.74073 708221
5.74073 708561
5.74073 708901
5.74073 709241
5.74073 709581
5.74073 709921
5.74073 710261
5.74073 710601
5.74073 710941
5.74073 711281
5.74073 711621
5.74073 711961
5.74073 712301
5.74073 712641
5.74073 712981
5.74073 713321
5.74073 713661
5.74073 714001
5.74073 714341
5.74073 714681
5.74073 715021
5.74073 715361
5.74073 715701
5.74073 716041
5.74073 716381
5.74073 716721
5.74073 717061
5.74073 717401
5.74073 717741
5.74073 718081
5.74073 718421
5.74073 718761
5.74073 719101
5.74073 719441
5.74073 719781
5.74073 720121
5.74073 720461
5.74073 720801
5.74073 721141
5.74073 721481
5.74073 721821
5.74073 722161
5.74073 722501
5.74073 722841
5.74073 723181
5.74073 723521
5.74073 723861
5.74073 724201
5.74073 724541
5.74073 724881
5.74073 725221
5.74073 725561
5.74073 725901
5.75098 726241
5.75256 726581
5.75414 726921
5.75571 727261
5.75729 727601
5.75886 727941
5.76044 728281
5.76202 728621
5.76359 728961
5.76517 729301
5.76674 729641
5.76832 729981
5.7699 730321
5.77147 730661
5.77305 731001
5.77462 731341
5.7762 731681
5.77778 732021
5.77935 732361
5.78093 732701
5.7825 733041
5.78408 733381
5.78566 733721
5.78723 734061
5.78881 734401
5.79038 734741
5.79196 735081
5.79354 735421
5.79511 735761
5.79669 736101
5.79826 736441
5.79984 736781
5.80142 737121
5.80299 737461
5.80457 737801
5.80614 738141
5.80772 738481
5.8093 738821
5.81087 739161
5.81245 739501
5.81402 739841
5.8156 740181
5.81718 740521
5.81875 740861
5.82033 741201
5.8219 741541
5.82348 741881
5.82506 742221
5.82663 742561
5.82821 742901
5.82978 743241
5.83136 743581
5.83294 743921
5.84473 744261
5.84631 744601
5.84788 744941
5.84946 745281
5.85103 745621
5.85261 745961
5.85419 746301
5.85576 746641
5.85734 746981
5.85891 747321
5.86049 747661
5.86207 748001
5.86364 748341
5.86522 748681
5.86679 749021
5.86837 749361
5.86995 749701
5.87152 750041
5.8731 750381
5.87467 750721
5.87625 751061
5.87783 751401
5.8794 751741
5.88098 752081
5.88255 752421
5.88413 752761
5.88571 753101
5.88728 753441
5.88886 753781
5.89043 754121
5.89201 754461
5.89359 754801
5.89516 755141
5.89674 755481
5.89831 755821
5.89989 756161
5.90147 756501
5.90304 756841
5.90462 757181
5.90619 757521
5.90777 757861
5.90935 758201
5.91092 758541
5.9125 758881
5.91407 759221
5.91565 759561
5.91723 759901
5.9188 760241
5.92038 760581
5.92195 760921
5.92353 761261
5.92511 761601
5.9369 761941
5.93848 762281
5.94005 762621
5.94163 762961
5.94321 763301
5.94478 763641
5.94636 763981
5.94793 764321
5.94951 764661
5.95109 765001
5.95266 765341
5.95424 765681
5.95581 766021
5.95739 766361
5.95897 766701
5.96054 767041
5.96212 767381
5.96369 767721
5.96527 768061
5.96685 768401
5.96842 768741
5.97 769081
5.97157 769421
5.97315 769761
5.97473 770101
5.9763 770441
5.97788 770781
5.97945 771121
5.98103 771461
5.98261 771801
5.98418 772141
5.98576 772481
5.98733 772821
5.98891 773161
5.99049 773501
5.99206 773841
5.99364 774181
5.99521 774521
5.99679 774861
5.99837 775201
5.99994 775541
6.00152 775881
6.00309 776221
6.00467 776561
6.00625 776901
6.00782 777241
6.0094 777581
6.01097 777921
6.01255 778261
6.01413 778601
6.0157 778941
6.01728 779281
6.01885 779621
6.02907 779961
6.03065 780301
6.03222 780641
6.0338 780981
6.03538 781321
6.03695 781661
6.03853 782001
6.0401 782341
6.14173 782681
6.14173 783021
6.14173 783361
6.14173 783701
6.14173 784041
6.14173 784381
6.14173 784721
6.14173 785061
6.14173 785401
6.14173 785741
6.14173 786081
6.14173 786421
6.14173 786761
6.14173 787101
6.14173 787441
6.14173 787781
6.14173 788121
6.14173 788461
6.14173 788801
6.14173 789141
6.14173 789481
6.14173 789821
6.14173 790161
6.14173 790501
6.14173 790841
6.14173 791181
6.14173 791521
6.14173 791861
6.14173 792201
6.14173 792541
6.14173 792881
6.14173 793221
6.14173 793561
6.14173 793901
6.14173 794241
6.14173 794581
6.14173 794921
6.14173 795261
6.14173 795601
6.14173 795941
6.14173 796281
6.14173 796621
6.14173 796961
6.14173 797301
6.14173 797641
6.14173 797981
6.14173 798321
6.14173 798661
6.14173 799001
6.14173 799341
6.14173 799681
6.14173 800021
6.14173 800361
6.14173 800701
6.14173 801041
6.14173 801381
6.14334 801721
6.14492 802061
6.1465 802401
6.14807 802741
6.14965 803081
6.15122 803421
6.1528 803761
6.15438 804101
6.15595 804441
6.15753 804781
6.1591 805121
6.16068 805461
6.16226 805801
6.16383 806141
6.16541 806481
6.16698 806821
6.16856 807161
6.17014 807501
6.17171 807841
6.17329 808181
6.17486 808521
6.17644 808861
6.17802 809201
6.17959 809541
6.18117 809881
6.18274 810221
6.18432 810561
6.1859 810901
6.18747 811241
6.18905 811581
6.19062 811921
6.1922 812261
6.19378 812601
6.19535 812941
6.19693 813281
6.1985 813621
6.20008 813961
6.20166 814301
6.20323 814641
6.20481 814981
6.21503 815321
6.2166 815661
6.21818 816001
6.32142 816341
6.32142 816681
6.32142 817021
6.32142 817361
6.32142 817701
6.32142 818041
6.32142 818381
6.32142 818721
6.32142 819061
6.32142 819401
6.32142 819741
6.32142 820081
6.32142 820421
6.32142 820761
6.32142 821101
6.32142 821441
6.32142 821781
6.32142 822121
6.32142 822461
6.32142 822801
6.32142 823141
6.32142 823481
6.32142 823821
6.32142 824161
6.32142 824501
6.32142 824841
6.32142 825181
6.32142 825521
6.32142 825861
6.32142 826201
6.32142 826541
6.32142 826881
6.32142 827221
6.32142 827561
6.32142 827901
6.32142 828241
6.32142 828581
6.32142 828921
6.32142 829261
6.32142 829601
6.32142 829941
6.32142 830281
6.32142 830621
6.43174 830961
6.43174 831301
6.43174 831641
6.43174 831981
6.43174 832321
6.43174 832661
6.43174 833001
6.43174 833341
6.43174 833681
6.43174 834021
6.43174 834361
6.43174 834701
6.43174 835041
6.43174 835381
6.43174 835721
6.43174 836061
6.43174 836401
6.43174 836741
6.43174 837081
6.43174 837421
6.43174 837761
6.43174 838101
6.43174 838441
6.43174 838781
6.43174 839121
6.43174 839461
6.43174 839801
6.43174 840141
6.43174 840481
6.43174 840821
6.43174 841161
6.43174 841501
6.43174 841841
6.43174 842181
6.43174 842521
6.43174 842861
6.43174 843201
6.43174 843541
6.43174 843881
6.43174 844221
6.43174 844561
6.43174 844901
6.43174 845241
6.43174 845581
6.43174 845921
6.43174 846261
6.43174 846601
6.43174 846941
6.43174 847281
6.43174 847621
6.43174 847961
6.43174 848301
6.43174 848641
6.43174 848981
6.43174 849321
6.43174 849661
6.43174 850001
6.43174 850341
6.43174 850681
6.43174 851021
6.43174 851361
6.43174 851701
6.43174 852041
6.43174 852381
6.43174 852721
6.43174 853061
6.43174 853401
6.43174 853741
6.43174 854081
6.43174 854421
6.43174 854761
6.43174 855101
6.43174 855441
6.43174 855781
6.43174 856121
6.43174 856461
6.43174 856801
6.43174 857141
6.43174 857481
6.43332 857821
6.43489 858161
6.43647 858501
6.43804 858841
6.43962 859181
6.4412 859521
6.44277 859861
6.44435 860201
6.44592 860541
6.4475 860881
6.44908 861221
6.45065 861561
6.45223 861901
6.4538 862241
6.45538 862581
6.45696 862921
6.45853 863261
6.46011 863601
6.46168 863941
6.46326 864281
6.46484 864621
6.46641 864961
6.46799 865301
6.46956 865641
6.47114 865981
6.47272 866321
6.47429 866661
6.47587 867001
6.47744 867341
6.47902 867681
6.4806 868021
6.48217 868361
6.48375 868701
6.48532 869041
6.4869 869381
6.48848 869721
6.49005 870061
6.49163 870401
6.4932 870741
6.49478 871081
6.49636 871421
6.49793 871761
6.49951 872101
6.50108 872441
6.50266 872781
6.50424 873121
6.50581 873461
6.50739 873801
6.50896 874141
6.51054 874481
6.51212 874821
6.51369 875161
6.51527 875501
6.51684 875841
6.51842 876181
6.52 876521
6.52157 876861
6.52315 877201
6.52472 877541
6.5263 877881
6.52788 878221
6.52945 878561
6.53103 878901
6.5326 879241
6.53418 879581
6.53576 879921
6.53733 880261
6.53891 880601
6.54048 880941
6.54206 881281
6.54364 881621
6.54521 881961
6.54679 882301
6.54836 882641
6.54994 882981
6.55152 883321
6.55309 883661
6.55467 884001
6.55624 884341
6.55782 884681
6.5594 885021
6.56097 885361
6.56255 885701
6.56412 886041
6.69336 886381
6.69336 886721
6.69336 887061
6.69336 887401
6.69336 887741
6.69336 888081
6.69336 888421
6.69336 888761
6.69336 889101
6.69336 889441
6.69336 889781
6.69336 890121
6.69336 890461
6.69336 890801
6.69336 891141
6.69336 891481
6.69336 891821
6.69336 892161
6.69336 892501
6.69336 892841
6.69336 893181
6.69336 893521
6.69336 893861
6.69336 894201
6.69336 894541
6.69336 894881
6.69336 895221
6.69336 895561
6.69336 895901
6.69336 896241
6.69336 896581
6.69336 896921
6.69336 897261
6.69336 897601
6.69336 897941
6.69336 898281
6.69336 898621
6.69336 898961
6.69336 899301
6.69336 899641
6.69336 899981
6.69336 900321
6.69336 900661
6.69336 901001
6.69336 901341
6.69336 901681
6.69336 902021
6.69336 902361
6.69336 902701
6.69336 903041
6.69336 903381
6.69336 903721
6.69336 904061
6.69336 904401
6.69336 904741
6.69336 905081
6.69336 905421
6.69336 905761
6.69336 906101
6.69336 906441
6.69336 906781
6.69336 907121
6.69336 907461
6.69336 907801
6.69336 908141
6.69336 908481
6.69336 908821
6.69336 909161
6.69336 909501
6.69336 909841
6.69336 910181
6.69336 910521
6.69336 910861
6.69336 911201
6.69336 911541
6.69336 911881
6.69336 912221
6.69336 912561
6.69336 912901
6.69336 913241
6.69336 913581
6.69493 913921
6.79502 914261
6.79502 914601
6.79502 914941
6.79502 915281
6.79502 915621
6.79502 915961
6.79502 916301
6.79502 916641
6.79502 916981
6.79502 917321
6.79502 917661
6.79502 918001
6.79502 918341
6.79502 918681
6.79502 919021
6.79502 919361
6.79502 919701
6.79502 920041
6.79502 920381
6.79502 920721
6.79502 921061
6.79502 921401
6.79502 921741
6.79502 922081
6.79502 922421
6.79502 922761
6.79502 923101
6.79502 923441
6.79502 923781
6.79502 924121
6.79502 924461
6.79502 924801
6.79502 925141
6.79502 925481
6.79502 925821
6.79502 926161
6.79502 926501
6.79502 926841
6.79502 927181
6.79502 927521
6.79502 927861
6.79502 928201
6.79502 928541
6.79502 928881
6.79502 929221
6.79502 929561
6.79502 929901
6.79502 930241
6.79502 930581
6.79502 930921
6.79502 931261
6.79502 931601
6.79502 931941
6.79502 932281
6.79502 932621
6.79502 932961
6.79502 933301
6.79502 933641
6.79502 933981
6.79502 934321
6.79502 934661
6.7966 935001
6.79817 935341
6.79975 935681
6.80132 936021
6.8029 936361
6.80448 936701
6.80605 937041
6.80763 937381
6.8092 937721
6.81078 938061
6.81236 938401
6.81393 938741
6.81551 939081
6.81708 939421
6.81866 939761
6.82024 940101
6.82181 940441
6.82339 940781
6.82496 941121
6.82654 941461
6.82812 941801
6.82969 942141
6.83127 942481
6.83284 942821
6.83442 943161
6.836 943501
6.83757 943841
6.83915 944181
6.84072 944521
6.8423 944861
6.84388 945201
6.84545 945541
6.84703 945881
6.8486 946221
6.85018 946561
6.85176 946901
6.85333 947241
6.85491 947581
6.85648 947921
6.85806 948261
6.85964 948601
6.86121 948941
6.86279 949281
6.86436 949621
6.86594 949961
6.86752 950301
6.86909 950641
6.87067 950981
6.87224 951321
6.87382 951661
6.8754 952001
6.87697 952341
6.87855 952681
6.88012 953021
6.8817 953361
6.88328 953701
6.88485 954041
6.88643 954381
6.888 954721
6.88958 955061
6.89116 955401
6.89273 955741
6.89431 956081
6.89588 956421
6.89746 956761
6.89904 957101
6.90061 957441
6.90219 957781
6.90376 958121
6.90534 958461
6.90692 958801
6.90849 959141
6.91007 959481
6.91164 959821
6.91322 960161
6.9148 960501
6.91637 960841
6.91795 961181
6.91952 961521
6.9211 961861
6.92268 962201
6.92425 962541
6.92583 962881
6.9274 963221
6.92898 963561
6.93056 963901
6.93213 964241
6.93371 964581
6.93528 964921
6.93686 965261
6.93844 965601
6.94001 965941
6.94159 966281
6.94316 966621
6.94474 966961
6.94632 967301
6.94789 967641
6.94947 967981
6.95104 968321
6.95262 968661
6.9542 969001
6.95577 969341
6.95735 969681
6.95892 970021
6.9605 970361
6.96208 970701
6.96365 971041
6.96523 971381
6.9668 971721
6.96838 972061
6.96996 972401
6.97153 972741
6.97311 973081
6.97468 973421
6.97626 973761
6.97784 974101
6.97941 974441
6.98099 974781
6.98256 975121
6.98414 975461
6.98572 975801
6.98729 976141
6.98887 976481
6.99044 976821
6.99202 977161
6.9936 977501
6.99517 977841
6.99675 978181
6.99832 978521
6.9999 978861
7.00148 979201
7.00305 979541
7.00463 979881
7.0062 980221
7.00778 980561
7.00936 980901
7.01093 981241
7.01251 981581
7.01408 981921
7.01566 982261
7.01724 982601
7.01881 982941
7.02039 983281
7.02196 983621
7.02354 983961
7.02512 984301
7.02669 984641
7.02827 984981
7.02984 985321
7.03142 985661
7.033 986001
7.03457 986341
7.03615 986681
7.03772 987021
7.0393 987361
7.04088 987701
7.38129 988041
7.38532 988381
7.3869 988721
7.38847 989061
7.39005 989401
7.39163 989741
7.3932 990081
7.39478 990421
7.39635 990761
7.39793 991101
7.39951 991441
7.40108 991781
7.40266 992121
7.40423 992461
7.40581 992801
7.40739 993141
7.40896 993481
7.41054 993821
7.41211 994161
7.41369 994501
7.41527 994841
7.41684 995181
7.41842 995521
7.41999 995861
7.42157 996201
7.42315 996541
7.42472 996881
7.4263 997221
7.42787 997561
7.42945 997901
7.43103 998241
7.4326 998581
7.43418 998921
7.43575 999261
7.43733 999601
7.43891 999941
7.44048 1000281
7.44206 1000621
7.44363 1000961
7.44521 1001301
7.44679 1001641
7.44836 1001981
7.44994 1002321
7.45151 1002661
7.45309 1003001
7.45467 1003341
7.45624 1003681
7.45782 1004021
7.45939 1004361
7.46097 1004701
7.46255 1005041
7.46412 1005381
7.4657 1005721
7.46727 1006061
7.46885 1006401
7.47043 1006741
7.472 1007081
7.47358 1007421
7.47761 1007761
7.47918 1008101
7.48076 1008441
7.48234 1008781
7.48391 1009121
7.48549 1009461
7.48706 1009801
7.48864 1010141
7.49022 1010481
7.49179 1010821
7.49337 1011161
7.49494 1011501
7.49652 1011841
7.4981 1012181
7.49967 1012521
7.50125 1012861
7.50282 1013201
7.5044 1013541
7.50598 1013881
7.50755 1014221
7.50913 1014561
7.5107 1014901
7.51228 1015241
7.51386 1015581
7.51543 1015921
7.51701 1016261
7.51858 1016601
7.52016 1016941
7.52174 1017281
7.52331 1017621
7.52489 1017961
7.52646 1018301
7.52804 1018641
7.52962 1018981
7.53119 1019321
7.53277 1019661
7.53434 1020001
7.53592 1020341
7.5375 1020681
7.53907 1021021
7.54065 1021361
7.54222 1021701
7.5438 1022041
7.54538 1022381
7.54695 1022721
7.54853 1023061
7.5501 1023401
7.55168 1023741
7.55326 1024081
7.55483 1024421
7.55641 1024761
7.55798 1025101
7.55956 1025441
7.56114 1025781
7.56271 1026121
7.56429 1026461
7.56586 1026801
7.56989 1027141
7.57147 1027481
7.57305 1027821
7.57462 1028161
7.5762 1028501
7.57777 1028841
7.57935 1029181
7.58093 1029521
7.5825 1029861
7.58408 1030201
7.58565 1030541
7.58723 1030881
8.47358 1031221
8.47358 1031561
8.47358 1031901
8.47358 1032241
8.47358 1032581
8.47358 1032921
8.47358 1033261
8.47358 1033601
8.47358 1033941
8.47358 1034281
8.47358 1034621
8.47358 1034961
8.47358 1035301
8.47358 1035641
8.47358 1035981
8.47358 1036321
8.47358 1036661
8.47358 1037001
8.47358 1037341
8.47358 1037681
8.47358 1038021
8.47358 1038361
8.47358 1038701
8.47358 1039041
8.47358 1039381
8.47358 1039721
8.47358 1040061
8.47358 1040401
8.47358 1040741
8.47358 1041081
8.47358 1041421
8.47358 1041761
8.47358 1042101
8.47358 1042441
8.47358 1042781
8.47358 1043121
8.47358 1043461
8.47358 1043801
8.47358 1044141
8.47358 1044481
8.47358 1044821
8.47358 1045161
8.47358 1045501
8.47358 1045841
8.47358 1046181
8.47358 1046521
8.47358 1046861
8.47358 1047201
8.47358 1047541
8.47358 1047881
8.47358 1048221
8.47358 1048561
8.47358 1048901
8.47358 1049241
8.47358 1049581
8.47358 1049921
8.47358 1050261
8.56586 1050601
8.56744 1050941
8.65815 1051281
8.65973 1051621
8.6613 1051961
8.66288 1052301
8.75043 1052641
8.75201 1052981
8.75359 1053321
8.75516 1053661
8.75674 1054001
8.75831 1054341
8.75989 1054681
8.76147 1055021
8.84272 1055361
8.8443 1055701
9.93658 1056041
9.93658 1056381
9.93658 1056721
9.93658 1057061
9.93658 1057401
9.93658 1057741
9.93658 1058081
9.93658 1058421
9.93658 1058761
9.93658 1059101
9.93658 1059441
9.93658 1059781
9.93658 1060121
9.93658 1060461
9.93658 1060801
9.93658 1061141
9.93658 1061481
9.93658 1061821
10.0289 1062161
10.0304 1062501
