0.0905768 1
0.0905768 341
0.0905768 681
0.0905768 1021
0.0905768 1361
0.0905768 1701
0.0905768 2041
0.0905768 2381
0.0905768 2721
0.0905768 3061
0.0905768 3401
0.18279 3741
0.18279 4081
0.185942 4421
0.185942 4761
0.185942 5101
0.189094 5441
0.189094 5781
0.189094 6121
0.193861 6461
0.193861 6801
0.195437 7141
0.197013 2041
0.197013 7141
0.197013 7481
0.274999 7821
0.276575 8161
0.278151 8501
0.279727 8841
0.281303 9181
0.282879 9521
0.284455 9861
0.286031 10201
0.287607 10541
0.289183 10881
0.290759 11221
0.292297 11561
0.292297 11901
0.36717 12241
0.36717 12581
0.370322 12921
0.370322 13261
0.373474 13601
0.373474 13941
0.376626 14281
0.376626 14621
0.379778 14961
0.379778 15301
0.38293 15641
0.38293 15981
0.386082 16321
0.386082 16661
0.460916 17001
0.460916 17341
0.464068 17681
0.464068 18021
0.46722 18361
0.46722 18701
0.470372 19041
0.470372 19381
0.473524 19721
0.473524 20061
0.476676 20401
0.476676 20741
0.479828 21081
0.479828 21421
0.554662 21761
0.554662 22101
0.554662 22441
0.557814 22781
0.557814 23121
0.560966 23461
0.560966 23801
0.564118 24141
0.564118 24481
0.56727 24821
0.56727 25161
0.570422 25501
0.570422 25841
0.573574 26181
0.573574 26521
0.648409 26861
0.648409 27201
0.651561 27541
0.651561 27881
0.654713 28221
0.654713 28561
0.657865 28901
0.657865 29241
0.661017 29581
0.661017 29921
0.664169 30261
0.664169 30601
0.667321 30941
0.667321 31281
0.740579 31621
0.740579 31961
0.743731 32301
0.743731 32641
0.746883 32981
0.746883 33321
0.746883 33661
0.750035 34001
0.750035 34341
0.753187 34681
0.753187 35021
0.756339 35361
0.756339 35701
0.759491 36041
0.759491 36381
0.83275 36721
0.83275 37061
0.835902 37401
0.835902 37741
0.839054 38081
0.839054 38421
0.842206 38761
0.842206 39101
0.845358 39441
0.845358 39781
0.84851 40121
0.84851 40461
0.851662 40801
0.851662 41141
0.854814 41481
0.854814 41821
0.926496 42161
0.926496 42501
0.929648 42841
0.929648 43181
0.9328 43521
0.9328 43861
0.935952 44201
0.935952 44541
0.935952 44881
0.939104 45221
0.939104 45561
0.942256 45901
0.942256 46241
0.945408 46581
0.945408 46921
0.94856 47261
0.94856 47601
1.02024 47941
1.02024 48281
1.02339 48621
1.02339 48961
1.02655 49301
1.02655 49641
1.0297 49981
1.0297 50321
1.03285 50661
1.03285 51001
1.036 51341
1.036 51681
1.03915 52021
1.03915 52361
1.04231 52701
1.04231 53041
1.11241 53381
1.11241 53721
1.11556 54061
1.11556 54401
1.11872 54741
1.11872 55081
1.12187 55421
1.12187 55761
1.12502 56101
1.12502 56441
1.12817 56781
1.12817 57121
1.12817 57461
1.13132 57801
1.13132 58141
1.13448 58481
1.13448 58821
1.20458 59161
1.20458 59501
1.20774 59841
1.20774 60181
1.21089 60521
1.21089 60861
1.21404 61201
1.21404 61541
1.21719 61881
1.21719 62221
1.22034 62561
1.22034 62901
1.2235 63241
1.2235 63581
1.22665 63921
1.22665 64261
1.2298 64601
1.2298 64941
1.29833 65281
1.29833 65621
1.30148 65961
1.30148 66301
1.30463 66641
1.30463 66981
1.30779 67321
1.30779 67661
1.31094 68001
1.31094 68341
1.31409 68681
1.31409 69021
1.31724 69361
1.31724 69701
1.32039 70041
1.32039 70381
1.32039 70721
1.32355 71061
1.32355 71401
1.39208 71741
1.39208 72081
1.39523 72421
1.39523 72761
1.39838 73101
1.39838 73441
1.40153 73781
1.40153 74121
1.40468 74461
1.40468 74801
1.40784 75141
1.40784 75481
1.41099 75821
1.41099 76161
1.41414 76501
1.41414 76841
1.41729 77181
1.41729 77521
1.48425 77861
1.48425 78201
1.4874 78541
1.4874 78881
1.49055 79221
1.49055 79561
1.4937 79901
1.4937 80241
1.49685 80581
1.49685 80921
1.50001 81261
1.50001 81601
1.50316 81941
1.50316 82281
1.50631 82621
1.50631 82961
1.50946 83301
1.50946 83641
1.57642 83981
1.57642 84321
1.57642 84661
1.57957 85001
1.57957 85341
1.58272 85681
1.58272 86021
1.58587 86361
1.58587 86701
1.58902 87041
1.58902 87381
1.59218 87721
1.59218 88061
1.59533 88401
1.59533 88741
1.59848 89081
1.59848 89421
1.60163 89761
1.60163 90101
1.66859 90441
1.66859 90781
1.67174 91121
1.67174 91461
1.67489 91801
1.67489 92141
1.67804 92481
1.67804 92821
1.6812 93161
1.6812 93501
1.68435 93841
1.68435 94181
1.6875 94521
1.6875 94861
1.69065 95201
1.69065 95541
1.6938 95881
1.6938 96221
1.69696 96561
1.69696 96901
1.76233 97241
1.76233 97581
1.76549 97921
1.76549 98261
1.76864 98601
1.76864 98941
1.77179 99281
1.77179 99621
1.77179 99961
1.77494 100301
1.77494 100641
1.77809 100981
1.77809 101321
1.78125 101661
1.78125 102001
1.7844 102341
1.7844 102681
1.78755 103021
1.78755 103361
1.7907 103701
1.7907 104041
1.85608 104381
1.85608 104721
1.85923 105061
1.85923 105401
1.86238 105741
1.86238 106081
1.86554 106421
1.86554 106761
1.86869 107101
1.86869 107441
1.87184 107781
1.87184 108121
1.87499 108461
1.87499 108801
1.87814 109141
1.87814 109481
1.8813 109821
1.8813 110161
1.88445 110501
1.88445 110841
1.94825 111181
1.94825 111521
1.9514 111861
1.9514 112201
1.95455 112541
1.95455 112881
1.95771 113221
1.95771 113561
1.96086 113901
1.96086 114241
1.96401 114581
1.96401 114921
1.96401 115261
1.96716 115601
1.96716 115941
1.97031 116281
1.97031 116621
1.97347 116961
1.97347 117301
1.97662 117641
1.97662 117981
2.04042 118321
2.04042 118661
2.04357 119001
2.04357 119341
2.04672 119681
2.04672 120021
2.04988 120361
2.04988 120701
2.05303 121041
2.05303 121381
2.05618 121721
2.05618 122061
2.05933 122401
2.05933 122741
2.06248 123081
2.06248 123421
2.06564 123761
2.06564 124101
2.06879 124441
2.06879 124781
2.07194 125121
2.07194 125461
2.13417 125801
2.13417 126141
2.13732 126481
2.13732 126821
2.14047 127161
2.14047 127501
2.14362 127841
2.14362 128181
2.14678 128521
2.14678 128861
2.14993 129201
2.14993 129541
2.15308 129881
2.15308 130221
2.15623 130561
2.15623 130901
2.15623 131241
2.15938 131581
2.15938 131921
2.16254 132261
2.16254 132601
2.16569 132941
2.16569 133281
2.22791 133621
2.22791 133961
2.23107 134301
2.23107 134641
2.23422 134981
2.23422 135321
2.23737 135661
2.23737 136001
2.24052 136341
2.24052 136681
2.24367 137021
2.24367 137361
2.24683 137701
2.24683 138041
2.24998 138381
2.24998 138721
2.25313 139061
2.25313 139401
2.25628 139741
2.25628 140081
2.25943 140421
2.25943 140761
2.32008 141101
2.32008 141441
2.32324 141781
2.32324 142121
2.32639 142461
2.32639 142801
2.32954 143141
2.32954 143481
2.33269 143821
2.33269 144161
2.33584 144501
2.33584 144841
2.339 145181
2.339 145521
2.34215 145861
2.34215 146201
2.3453 146541
2.3453 146881
2.34845 147221
2.34845 147561
2.34845 147901
2.3516 148241
2.3516 148581
2.41225 148921
2.41225 149261
2.41541 149601
2.41541 149941
2.41856 150281
2.41856 150621
2.42171 150961
2.42171 151301
2.42486 151641
2.42486 151981
2.42801 152321
2.42801 152661
2.43117 153001
2.43117 153341
2.43432 153681
2.43432 154021
2.43747 154361
2.43747 154701
2.44062 155041
2.44062 155381
2.44377 155721
2.44377 156061
2.44693 156401
2.44693 156741
2.506 157081
2.506 157421
2.50915 157761
2.50915 158101
2.5123 158441
2.5123 158781
2.51546 159121
2.51546 159461
2.51861 159801
2.51861 160141
2.52176 160481
2.52176 160821
2.52491 161161
2.52491 161501
2.52806 161841
2.52806 162181
2.53122 162521
2.53122 162861
2.53437 163201
2.53437 163541
2.53752 163881
2.53752 164221
2.54067 164561
2.54067 164901
2.59975 165241
2.59975 165581
2.59975 165921
2.6029 166261
2.6029 166601
2.60605 166941
2.60605 167281
2.6092 167621
2.6092 167961
2.61236 168301
2.61236 168641
2.61551 168981
2.61551 169321
2.61866 169661
2.61866 170001
2.62181 170341
2.62181 170681
2.62496 171021
2.62496 171361
2.62812 171701
2.62812 172041
2.63127 172381
2.63127 172721
2.63442 173061
2.63442 173401
2.69349 173741
2.69349 174081
2.69665 174421
2.69665 174761
2.6998 175101
2.6998 175441
2.70295 175781
2.70295 176121
2.7061 176461
2.7061 176801
2.70925 177141
2.70925 177481
2.71241 177821
2.71241 178161
2.71556 178501
2.71556 178841
2.71871 179181
2.71871 179521
2.72186 179861
2.72186 180201
2.72501 180541
2.72501 180881
2.72817 181221
2.72817 181561
2.78566 181901
2.78566 182241
2.78882 182581
2.78882 182921
2.79197 183261
2.79197 183601
2.79197 183941
2.79512 184281
2.79512 184621
2.79827 184961
2.79827 185301
2.80142 185641
2.80142 185981
2.80458 186321
2.80458 186661
2.80773 187001
2.80773 187341
2.81088 187681
2.81088 188021
2.81403 188361
2.81403 188701
2.81718 189041
2.81718 189381
2.82034 189721
2.82034 190061
2.87783 190401
2.87783 190741
2.88099 191081
2.88099 191421
2.88414 191761
2.88414 192101
2.88729 192441
2.88729 192781
2.89044 193121
2.89044 193461
2.89359 193801
2.89359 194141
2.89675 194481
2.89675 194821
2.8999 195161
2.8999 195501
2.90305 195841
2.90305 196181
2.9062 196521
2.9062 196861
2.90935 197201
2.90935 197541
2.91251 197881
2.91251 198221
2.91566 198561
2.91566 198901
2.97158 199241
2.97158 199581
2.97473 199921
2.97473 200261
2.97788 200601
2.97788 200941
2.98104 201281
2.98104 201621
2.98419 201961
2.98419 202301
2.98734 202641
2.98734 202981
2.98734 203321
2.99049 203661
2.99049 204001
2.99364 204341
2.99364 204681
2.9968 205021
2.9968 205361
2.99995 205701
2.99995 206041
3.0031 206381
3.0031 206721
3.00625 207061
3.00625 207401
3.0094 207741
3.0094 208081
3.06533 208421
3.06533 208761
3.06848 209101
3.06848 209441
3.07163 209781
3.07163 210121
3.07478 210461
3.07478 210801
3.07794 211141
3.07794 211481
3.08109 211821
3.08109 212161
3.08424 212501
3.08424 212841
3.08743 213181
3.08901 213521
3.09058 203661
3.09058 213521
3.09058 213861
3.09058 214201
3.09058 214541
3.09058 214881
3.09058 215221
3.09058 215561
3.09058 215901
3.09058 216241
3.09058 216581
3.09058 216921
3.09058 217261
3.09058 217601
3.09058 217941
3.09058 218281
3.09058 218621
3.09058 218961
3.09058 219301
3.09058 219641
3.09058 219981
3.09058 220321
3.09058 220661
3.09058 221001
3.09058 221341
3.09058 221681
3.09058 222021
3.09216 222361
3.09373 222701
3.09531 223041
3.09689 223381
3.09846 223721
3.10004 224061
3.10161 224401
3.10319 224741
3.10477 225081
3.15754 225421
3.15911 225761
3.16069 226101
3.16226 226441
3.16384 226781
3.16542 227121
3.16699 227461
3.16857 227801
3.17014 228141
3.17172 228481
3.1733 228821
3.17487 229161
3.17645 229501
3.17802 229841
3.17964 230181
3.18121 230521
3.18275 230861
3.1859 231201
3.1859 231541
3.18906 231881
3.18906 232221
3.19221 232561
3.19221 232901
3.19536 233241
3.19536 233581
3.19851 233921
3.19851 234261
3.20166 234601
3.20166 234941
3.20482 235281
3.20482 235621
3.20797 235961
3.20797 236301
3.21112 236641
3.21112 236981
3.21427 237321
3.21427 237661
3.21742 238001
3.21742 238341
3.22058 238681
3.22058 239021
3.22373 239361
3.22373 239701
3.22688 240041
3.22688 240381
3.23003 240721
3.23003 241061
3.23318 241401
3.23318 241741
3.23634 242081
3.23634 242421
3.25128 242761
3.25128 243101
3.25443 243441
3.25443 243781
3.25759 244121
3.25759 244461
3.26074 244801
3.26074 245141
3.26389 245481
3.26389 245821
3.26704 246161
3.26704 246501
3.27019 246841
3.27019 247181
3.27338 247521
3.27338 247861
3.27807 248201
3.27807 248541
3.28123 248881
3.28123 249221
3.28438 249561
3.28438 249901
3.28753 250241
3.28753 250581
3.29068 250921
3.29068 251261
3.29383 251601
3.29383 251941
3.29699 252281
3.29699 252621
3.30014 252961
3.30014 253301
3.30329 253641
3.30329 253981
3.30644 254321
3.30644 254661
3.30959 255001
3.30959 255341
3.31275 255681
3.31275 256021
3.3159 256361
3.3159 256701
3.31905 257041
3.31905 257381
3.3222 257721
3.3222 258061
3.32535 258401
3.32535 258741
3.32851 259081
3.32851 259421
3.34345 259761
3.34345 260101
3.3466 260441
3.3466 260781
3.34976 261121
3.34976 261461
3.35291 261801
3.35291 262141
3.35606 262481
3.35606 262821
3.35921 263161
3.35921 263501
3.36236 263841
3.36236 264181
3.36556 264521
3.36556 264861
3.37024 265201
3.37024 265541
3.3734 265881
3.3734 266221
3.3734 266561
3.37655 266901
3.37655 267241
3.3797 267581
3.3797 267921
3.38285 268261
3.38285 268601
3.386 268941
3.386 269281
3.38916 269621
3.38916 269961
3.39231 270301
3.39231 270641
3.39546 270981
3.39546 271321
3.39861 271661
3.39861 272001
3.40176 272341
3.40176 272681
3.40492 273021
3.40492 273361
3.40807 273701
3.40807 274041
3.41122 274381
3.41122 274721
3.41441 275061
3.41599 275401
3.41756 257041
3.41756 275401
3.41756 275741
3.41756 276081
3.41914 276421
3.42072 276761
3.43566 277101
3.43566 277441
3.43724 277781
3.43881 278121
3.44039 278461
3.44197 278801
3.44354 279141
3.44512 279481
3.44669 279821
3.44827 280161
3.44985 280501
3.45142 280841
3.453 281181
3.45457 281521
3.45615 281861
3.45776 282201
3.45934 282541
3.46245 282881
3.46403 283221
3.46561 283561
3.46718 283901
3.46876 284241
3.47033 284581
3.47191 284921
3.47349 285261
3.47506 285601
3.47664 285941
3.47821 286281
3.47979 286621
3.48137 286961
3.48294 287301
3.48452 287641
3.48609 287981
3.48767 288321
3.48925 288661
3.49082 289001
3.4924 289341
3.49397 289681
3.49555 290021
3.49713 290361
3.4987 290701
3.50028 291041
3.50185 291381
3.50343 291721
3.50501 292061
3.50658 292401
3.50816 292741
3.50973 293081
3.51127 293421
3.51442 293761
3.51442 294101
3.51758 294441
3.51758 294781
3.52941 295121
3.52941 295461
3.53256 295801
3.53256 296141
3.53571 296481
3.53571 296821
3.53886 297161
3.53886 297501
3.54202 297841
3.54202 298181
3.54517 298521
3.54517 298861
3.54832 299201
3.54832 299541
3.55147 299881
3.55147 300221
3.55462 300561
3.55462 300901
3.55778 301241
3.55778 301581
3.56093 301921
3.56093 302261
3.56408 302601
3.56408 302941
3.56723 303281
3.56723 303621
3.57038 303961
3.57038 304301
3.57354 304641
3.57354 304981
3.57669 305321
3.57669 305661
3.57984 306001
3.57984 306341
3.58299 306681
3.58299 307021
3.58614 307361
3.58614 307701
3.58614 308041
3.5893 308381
3.5893 308721
3.59245 309061
3.59245 309401
3.5956 309741
3.5956 310081
3.59875 310421
3.59875 310761
3.6019 311101
3.6019 311441
3.60659 311781
3.60659 312121
3.60975 312461
3.60975 312801
3.62158 313141
3.62158 313481
3.62473 313821
3.62473 314161
3.62788 314501
3.62788 314841
3.63103 315181
3.63103 315521
3.63419 315861
3.63419 316201
3.63734 316541
3.63734 316881
3.64049 317221
3.64049 317561
3.64364 317901
3.64364 318241
3.64679 318581
3.64679 318921
3.64995 319261
3.64995 319601
3.6531 319941
3.6531 320281
3.65625 320621
3.65625 320961
3.6594 321301
3.6594 321641
3.66255 321981
3.66255 322321
3.66571 322661
3.66571 323001
3.66886 323341
3.66886 323681
3.67201 324021
3.67201 324361
3.67516 324701
3.67516 325041
3.67831 325381
3.67831 325721
3.68147 326061
3.68147 326401
3.68462 326741
3.68462 327081
3.68777 327421
3.68777 327761
3.69092 328101
3.69092 328441
3.69407 328781
3.69407 329121
3.69723 329461
3.69723 329801
3.70038 330141
3.70038 330481
3.70353 330821
3.70353 331161
3.71532 331501
3.71532 331841
3.71848 332181
3.71848 332521
3.72163 332861
3.72163 333201
3.72478 333541
3.72478 333881
3.72793 334221
3.72793 334561
3.73108 334901
3.73108 335241
3.73424 335581
3.73424 335921
3.73739 336261
3.73739 336601
3.74054 336941
3.74054 337281
3.74369 337621
3.74369 337961
3.74684 338301
3.74684 338641
3.75 338981
3.75 339321
3.75315 339661
3.75315 340001
3.7563 340341
3.7563 340681
3.75945 341021
3.75945 341361
3.7626 341701
3.7626 342041
3.76576 342381
3.76576 342721
3.76891 343061
3.76891 343401
3.77206 343741
3.77206 344081
3.77521 344421
3.77521 344761
3.77836 345101
3.77836 345441
3.78152 345781
3.78152 346121
3.78467 346461
3.78467 346801
3.78467 347141
3.78782 347481
3.78782 347821
3.79097 348161
3.79097 348501
3.79412 348841
3.79412 349181
3.79728 349521
3.79728 349861
3.80907 350201
3.80907 350541
3.81222 350881
3.81222 351221
3.81538 351561
3.81538 351901
3.81853 352241
3.81853 352581
3.82168 352921
3.82168 353261
3.82483 353601
3.82483 353941
3.82798 354281
3.82798 354621
3.83114 354961
3.83114 355301
3.83429 355641
3.83429 355981
3.83744 356321
3.83744 356661
3.84059 357001
3.84059 357341
3.84374 357681
3.84374 358021
3.8469 358361
3.8469 358701
3.85005 359041
3.85005 359381
3.8532 359721
3.8532 360061
3.85635 360401
3.85635 360741
3.8595 361081
3.8595 361421
3.86266 361761
3.86266 362101
3.86581 362441
3.86581 362781
3.86896 363121
3.86896 363461
3.87211 363801
3.87211 364141
3.87526 364481
3.87526 364821
3.87842 365161
3.87842 365501
3.88472 365841
3.88472 366181
3.88472 366521
3.88472 366861
3.88787 367201
3.88787 367541
3.89102 367881
3.89102 368221
3.90124 368561
3.90124 368901
3.90439 369241
3.90439 369581
3.90755 369921
3.90755 370261
3.9107 370601
3.9107 370941
3.91385 371281
3.91385 371621
3.917 371961
3.917 372301
3.92015 372641
3.92015 372981
3.92331 373321
3.92331 373661
3.92646 374001
3.92646 374341
3.92961 374681
3.92961 375021
3.93276 375361
3.93276 375701
3.93591 376041
3.93591 376381
3.93907 376721
3.93907 377061
3.94222 377401
3.94222 377741
3.94537 378081
3.94537 378421
3.94852 378761
3.94852 379101
3.95167 379441
3.95167 379781
3.95483 380121
3.95483 380461
3.95798 380801
3.95798 381141
3.96113 381481
3.96113 381821
3.96428 382161
3.96428 382501
3.96743 382841
3.96743 383181
3.97059 383521
3.97059 383861
3.97689 384201
3.97689 384541
3.98004 384881
3.98004 385221
3.98319 385561
3.98319 385901
3.98319 386241
3.98635 386581
3.98635 386921
3.99345 387261
3.99503 387601
3.9966 367881
4.00606 387601
4.00606 387941
4.00763 388281
4.00921 388621
4.01079 388961
4.01236 389301
4.01394 389641
4.01551 389981
4.01709 390321
4.01867 390661
4.02024 391001
4.02182 391341
4.02339 391681
4.02497 392021
4.02655 392361
4.02812 392701
4.0297 393041
4.03127 393381
4.03285 393721
4.03443 394061
4.036 394401
4.03758 394741
4.03915 395081
4.04073 395421
4.04231 395761
4.04388 396101
4.04546 396441
4.04703 396781
4.04861 397121
4.05019 397461
4.05176 397801
4.05334 398141
4.05491 398481
4.05649 398821
4.05807 399161
4.05964 399501
4.06122 399841
4.06279 400181
4.06437 400521
4.0691 400861
4.07067 401201
4.07225 401541
4.07383 401881
4.0754 402221
4.07855 402561
4.07855 402901
4.08013 403241
4.08171 403581
4.08566 403921
4.08724 404261
4.08877 404601
4.0998 404941
4.0998 405281
4.10296 405621
4.10296 405961
4.10611 406301
4.10611 406641
4.10926 406981
4.10926 407321
4.11241 407661
4.11241 408001
4.11556 408341
4.11556 408681
4.11872 409021
4.11872 409361
4.11872 409701
4.12187 410041
4.12187 410381
4.12502 410721
4.12502 411061
4.12817 411401
4.12817 411741
4.13132 412081
4.13132 412421
4.13448 412761
4.13448 413101
4.13763 413441
4.13763 413781
4.14078 414121
4.14078 414461
4.14393 414801
4.14393 415141
4.14708 415481
4.14708 415821
4.15024 416161
4.15024 416501
4.15339 416841
4.15339 417181
4.15654 417521
4.15654 417861
4.16284 418201
4.16284 418541
4.166 418881
4.166 419221
4.17072 419561
4.17072 419901
4.17388 420241
4.17388 420581
4.17783 420921
4.17783 421261
4.18098 421601
4.18098 421941
4.19355 422281
4.19355 422621
4.1967 422961
4.1967 423301
4.19986 423641
4.19986 423981
4.20301 424321
4.20301 424661
4.20616 425001
4.20616 425341
4.20931 425681
4.20931 426021
4.21246 426361
4.21246 426701
4.21562 427041
4.21562 427381
4.21877 427721
4.21877 428061
4.22192 428401
4.22192 428741
4.22507 429081
4.22507 429421
4.22822 429761
4.22822 430101
4.23138 430441
4.23138 430781
4.23453 431121
4.23453 431461
4.23768 431801
4.23768 432141
4.24083 432481
4.24083 432821
4.24398 433161
4.24398 433501
4.24714 433841
4.24714 434181
4.25029 434521
4.25029 434861
4.25502 435201
4.25502 435541
4.25817 435881
4.25817 436221
4.2629 436561
4.2629 436901
4.26605 437241
4.26605 437581
4.27 437921
4.27 438261
4.27315 438601
4.27315 438941
4.28572 439281
4.28572 439621
4.28887 439961
4.28887 440301
4.29203 440641
4.29203 440981
4.29518 441321
4.29518 441661
4.29833 442001
4.29833 442341
4.30148 442681
4.30148 443021
4.30463 443361
4.30463 443701
4.30779 444041
4.30779 444381
4.31094 444721
4.31094 445061
4.31409 445401
4.31409 445741
4.31724 446081
4.31724 446421
4.32039 446761
4.32039 447101
4.32355 447441
4.32355 447781
4.32355 448121
4.3267 448461
4.3267 448801
4.32985 449141
4.32985 449481
4.333 449821
4.333 450161
4.33615 450501
4.33615 450841
4.33931 451181
4.33931 451521
4.34246 451861
4.34246 452201
4.34719 452541
4.34719 452881
4.35034 453221
4.35034 453561
4.35507 453901
4.35507 454241
4.35822 454581
4.35822 454921
4.36217 455261
4.36217 455601
4.36532 455941
4.36532 456281
4.37789 456621
4.37789 456961
4.38104 457301
4.38104 457641
4.3842 457981
4.3842 458321
4.38735 458661
4.38735 459001
4.3905 459341
4.3905 459681
4.39365 460021
4.39365 460361
4.3968 460701
4.3968 461041
4.39996 461381
4.39996 461721
4.40311 462061
4.40311 462401
4.40626 462741
4.40626 463081
4.40941 463421
4.40941 463761
4.41256 464101
4.41256 464441
4.41572 464781
4.41572 465121
4.41887 465461
4.41887 465801
4.42202 466141
4.42202 466481
4.42517 466821
4.42517 467161
4.42832 467501
4.42832 467841
4.43148 468181
4.43148 468521
4.43463 468861
4.43463 469201
4.43778 469541
4.43778 469881
4.44093 470221
4.44093 470561
4.44408 470901
4.44408 471241
4.44881 471581
4.44881 471921
4.45196 472261
4.45196 472601
4.45592 472941
4.45592 473281
4.45907 473621
4.45907 473961
4.47164 474301
4.47164 474641
4.47479 474981
4.47479 475321
4.47794 475661
4.47794 476001
4.48109 476341
4.48109 476681
4.48425 477021
4.48425 477361
4.4874 477701
4.4874 478041
4.49055 478381
4.49055 478721
4.4937 479061
4.4937 479401
4.49685 479741
4.49685 480081
4.50001 480421
4.50001 480761
4.50316 481101
4.50316 481441
4.50631 481781
4.50631 482121
4.50946 482461
4.50946 482801
4.51261 483141
4.51261 483481
4.51577 483821
4.51577 484161
4.51892 484501
4.51892 484841
4.52207 485181
4.52207 485521
4.52522 485861
4.52522 486201
4.52837 486541
4.52837 486881
4.52837 487221
4.53153 487561
4.53153 487901
4.53468 488241
4.53468 488581
4.53783 488921
4.53783 489261
4.54256 489601
4.54256 489941
4.54571 490281
4.54571 490621
4.54966 490961
4.54966 491301
4.55282 491641
4.55282 491981
4.567 492321
4.567 492661
4.56858 493001
4.57015 474301
4.57646 493001
4.57646 493341
4.57803 493681
4.57961 494021
4.58118 494361
4.58276 494701
4.58434 495041
4.58591 495381
4.58749 495721
4.58906 496061
4.59064 496401
4.59222 496741
4.59379 497081
4.59537 497421
4.59694 497761
4.59852 498101
4.6001 498441
4.60167 498781
4.60325 499121
4.60482 499461
4.6064 499801
4.60798 500141
4.60955 500481
4.61113 500821
4.6127 501161
4.61428 501501
4.61586 501841
4.61743 502181
4.61901 502521
4.62058 502861
4.62216 503201
4.62374 503541
4.62531 503881
4.62689 504221
4.62846 504561
4.63004 504901
4.63162 505241
4.63319 505581
4.63477 505921
4.63634 506261
4.63792 506601
4.6395 506941
4.64187 507281
4.64345 507621
4.64502 507961
4.6466 508301
4.65921 508641
4.66078 508981
4.66236 509321
4.6639 509661
4.6702 510001
4.6702 510341
4.67335 510681
4.67335 511021
4.67651 511361
4.67651 511701
4.67966 512041
4.67966 512381
4.68281 512721
4.68281 513061
4.68596 513401
4.68596 513741
4.68911 514081
4.68911 514421
4.69227 514761
4.69227 515101
4.69542 515441
4.69542 515781
4.69857 516121
4.69857 516461
4.70172 516801
4.70172 517141
4.70487 517481
4.70487 517821
4.70487 518161
4.70803 518501
4.70803 518841
4.71118 519181
4.71118 519521
4.71433 519861
4.71433 520201
4.71748 520541
4.71748 520881
4.72063 521221
4.72063 521561
4.72379 521901
4.72379 522241
4.72694 522581
4.72694 522921
4.73009 523261
4.73009 523601
4.73404 523941
4.73404 524281
4.73719 524621
4.73719 524961
4.75138 525301
4.75138 525641
4.75453 525981
4.75453 526321
4.76237 526661
4.76237 527001
4.76552 527341
4.76552 527681
4.76868 528021
4.76868 528361
4.77344 528701
4.77344 529041
4.77502 529381
4.77659 511701
4.77659 529381
4.77659 529721
4.77659 530061
4.77659 530401
4.77659 530741
4.77659 531081
4.77659 531421
4.77659 531761
4.77659 532101
4.77659 532441
4.77659 532781
4.77659 533121
4.77659 533461
4.77659 533801
4.77659 534141
4.77817 534481
4.77975 534821
4.78132 535161
4.7829 535501
4.78447 535841
4.78605 536181
4.78763 536521
4.7892 536861
4.79078 537201
4.79235 537541
4.79393 537881
4.79551 538221
4.79708 538561
4.79866 538901
4.80023 539241
4.80181 539581
4.80339 539921
4.80496 540261
4.80654 540601
4.80811 540941
4.80969 541281
4.81127 541621
4.81284 541961
4.81442 542301
4.81599 542641
4.81757 542981
4.81915 543321
4.82072 543661
4.8223 544001
4.82387 544341
4.82545 544681
4.82703 545021
4.8286 545361
4.83018 545701
4.83175 546041
4.84359 546381
4.84516 546721
4.84674 547061
4.84832 547401
4.85458 547741
4.85616 548081
4.85773 548421
4.85931 548761
4.86088 549101
4.86246 549441
4.86565 549781
4.86723 550121
4.8688 550461
4.87034 550801
4.87349 551141
4.87349 551481
4.87664 551821
4.87664 552161
4.8798 552501
4.8798 552841
4.88295 553181
4.88295 553521
4.8861 553861
4.8861 554201
4.88925 554541
4.88925 554881
4.8924 555221
4.8924 555561
4.89556 555901
4.89556 556241
4.89871 556581
4.89871 556921
4.90186 557261
4.90186 557601
4.90501 557941
4.90501 558281
4.90816 558621
4.90816 558961
4.91132 559301
4.91132 559641
4.91447 559981
4.91447 560321
4.91762 560661
4.91762 561001
4.92077 561341
4.92077 561681
4.92392 562021
4.92392 562361
4.92869 562701
4.92869 563041
4.93027 563381
4.93184 541281
4.93184 563381
4.93184 563721
4.93184 564061
4.93184 564401
4.93184 564741
4.93184 565081
4.93184 565421
4.93184 565761
4.93184 566101
4.93184 566441
4.93184 566781
4.93184 567121
4.93184 567461
4.93184 567801
4.93184 568141
4.93184 568481
4.93184 568821
4.93184 569161
4.93184 569501
4.93184 569841
4.93184 570181
4.93184 570521
4.93184 570861
4.93184 571201
4.93184 571541
4.93184 571881
4.93184 572221
4.93184 572561
4.93184 572901
4.93184 573241
4.93184 573581
4.93184 573921
4.93184 574261
4.93184 574601
4.93342 574941
4.935 575281
4.93657 575621
4.93815 575961
4.93972 576301
4.9413 576641
4.94288 576981
4.94445 577321
4.94603 577661
4.9476 578001
4.94918 578341
4.95076 578681
4.95233 579021
4.95391 579361
4.95548 579701
4.95706 580041
4.95864 580381
4.96021 580721
4.96179 581061
4.96336 581401
4.96494 581741
4.96652 582081
4.96809 582421
4.96967 582761
4.97124 583101
4.97282 583441
4.9744 583781
4.97597 584121
4.97755 584461
4.97912 584801
4.9807 585141
4.98228 585481
4.98385 585821
4.98543 586161
4.987 586501
4.98858 586841
4.99016 587181
4.99173 587521
4.99492 587861
4.9965 588201
4.99807 555561
4.99807 555901
4.99807 588201
4.99807 588541
4.99965 588881
5.00123 589221
5.0028 589561
5.00438 589901
5.00595 590241
5.00753 590581
5.00911 590921
5.01068 591261
5.01226 591601
5.01383 591941
5.01541 592281
5.01699 592621
5.01856 592961
5.02014 593301
5.02171 593641
5.02329 593981
5.02487 594321
5.02644 594661
5.02802 595001
5.02956 595341
5.03113 595681
5.03271 596021
5.03428 596361
5.03586 596701
5.03744 597041
5.03901 597381
5.04059 597721
5.04216 598061
5.04374 598401
5.04532 598741
5.04689 599081
5.04847 599421
5.05004 599761
5.05162 600101
5.0532 600441
5.05477 600781
5.05635 601121
5.05792 601461
5.0595 601801
5.06108 602141
5.06265 602481
5.06423 602821
5.0658 603161
5.06738 603501
5.06896 603841
5.07053 604181
5.07211 604521
5.07368 604861
5.07526 605201
5.07684 605541
5.07841 605881
5.07999 606221
5.08156 606561
5.08314 606901
5.08472 607241
5.08629 607581
5.08787 607921
5.08944 608261
5.09102 608601
5.0926 608941
5.09417 609281
5.09575 609621
5.09732 609961
5.0989 610301
5.10048 610641
5.10205 610981
5.10363 611321
5.1052 611661
5.10678 612001
5.10836 612341
5.10993 612681
5.11151 613021
5.11466 613361
5.11466 613701
5.11624 614041
5.11781 614381
5.11939 614721
5.12096 615061
5.12254 615401
5.12412 615741
5.12569 616081
5.12727 616421
5.12884 616761
5.13042 617101
5.132 617441
5.13357 617781
5.13515 618121
5.13672 618461
5.1383 618801
5.13988 619141
5.14145 619481
5.14303 619821
5.1446 620161
5.14614 620501
5.14929 620841
5.14929 621181
5.15244 621521
5.15244 621861
5.1556 622201
5.1556 622541
5.15875 622881
5.15875 623221
5.1619 623561
5.1619 623901
5.16505 624241
5.16505 624581
5.1682 624921
5.1682 625261
5.17136 625601
5.17136 625941
5.17451 626281
5.17451 626621
5.17766 626961
5.17766 627301
5.18081 627641
5.18081 627981
5.18396 628321
5.18396 628661
5.18712 629001
5.18712 629341
5.19027 629681
5.19027 630021
5.19342 630361
5.19342 630701
5.19657 631041
5.19657 631381
5.19972 631721
5.19972 632061
5.20288 632401
5.20288 632741
5.20603 633081
5.20603 633421
5.20918 633761
5.20918 634101
5.21233 634441
5.21233 634781
5.21548 635121
5.21548 635461
5.21864 635801
5.21864 636141
5.22179 636481
5.22179 636821
5.22494 637161
5.22494 637501
5.22809 637841
5.22809 638181
5.23124 638521
5.23124 638861
5.2344 639201
5.2344 639541
5.23755 639881
5.23755 640221
5.2407 640561
5.2407 640901
5.24385 641241
5.24385 641581
5.247 641921
5.247 642261
5.25016 642601
5.25016 642941
5.25331 643281
5.25331 643621
5.25646 643961
5.25646 644301
5.25961 644641
5.25961 644981
5.26276 645321
5.26276 645661
5.26592 646001
5.26592 646341
5.26907 646681
5.26907 647021
5.27222 647361
5.27222 647701
5.27537 648041
5.27537 648381
5.27852 648721
5.27852 649061
5.28168 649401
5.28168 649741
5.28483 650081
5.28483 650421
5.28798 650761
5.28798 651101
5.29113 651441
5.29113 651781
5.29428 652121
5.29428 652461
5.29744 652801
5.29744 653141
5.30059 653481
5.30059 653821
5.30374 654161
5.30374 654501
5.30689 654841
5.30689 655181
5.31004 655521
5.31004 655861
5.3132 656201
5.3132 656541
5.31635 656881
5.31635 657221
5.3195 657561
5.3195 657901
5.32265 658241
5.32265 658581
5.3258 658921
5.3258 659261
5.32896 659601
5.32896 659941
5.33211 660281
5.33211 660621
5.33526 660961
5.33526 661301
5.33841 661641
5.33841 661981
5.34156 662321
5.34156 662661
5.34472 663001
5.34472 663341
5.34787 663681
5.34787 664021
5.35102 664361
5.35102 664701
5.35417 665041
5.35417 665381
5.35732 665721
5.35732 666061
5.36048 666401
5.36048 666741
5.36363 667081
5.36363 667421
5.36678 667761
5.36678 668101
5.37308 668441
5.37308 668781
5.37308 669121
5.37308 669461
5.37624 669801
5.37624 670141
5.37939 670481
5.37939 670821
5.37939 671161
5.38254 671501
5.38254 671841
5.38569 672181
5.38569 672521
5.38884 672861
5.38884 673201
5.392 673541
5.392 673881
5.39515 674221
5.39515 674561
5.3983 674901
5.3983 675241
5.40145 675581
5.40145 675921
5.4046 676261
5.4046 676601
5.40776 676941
5.40776 677281
5.41091 677621
5.41091 677961
5.41406 678301
5.41406 678641
5.41721 678981
5.41721 679321
5.42036 679661
5.42036 680001
5.42352 680341
5.42352 680681
5.42667 681021
5.42667 681361
5.42982 681701
5.42982 682041
5.43297 682381
5.43297 682721
5.43612 683061
5.43612 683401
5.43928 683741
5.43928 684081
5.44243 684421
5.44243 684761
5.44558 685101
5.44558 685441
5.44873 685781
5.44873 686121
5.45188 686461
5.45188 686801
5.45504 687141
5.45504 687481
5.45819 687821
5.45819 688161
5.46134 688501
5.46134 688841
5.46449 689181
5.46449 689521
5.46764 689861
5.46764 690201
5.4708 690541
5.4708 690881
5.47395 691221
5.47395 691561
5.4771 691901
5.4771 692241
5.48025 692581
5.48025 692921
5.4834 693261
5.4834 693601
5.48656 693941
5.48656 694281
5.48971 694621
5.48971 694961
5.49286 695301
5.49286 695641
5.49601 695981
5.49601 696321
5.49916 696661
5.49916 697001
5.50232 697341
5.50232 697681
5.50547 698021
5.50547 698361
5.50862 698701
5.50862 699041
5.51177 699381
5.51177 699721
5.51492 700061
5.51492 700401
5.51808 700741
5.51808 701081
5.52123 701421
5.52123 701761
5.52438 702101
5.52438 702441
5.52753 702781
5.52753 703121
5.53068 703461
5.53068 703801
5.53384 704141
5.53384 704481
5.53699 704821
5.53699 705161
5.54014 705501
5.54014 705841
5.54329 706181
5.54329 706521
5.54644 706861
5.54644 707201
5.5496 707541
5.5496 707881
5.55275 708221
5.55275 708561
5.5559 708901
5.5559 709241
5.55905 709581
5.55905 709921
5.5622 710261
5.5622 710601
5.56536 710941
5.56536 711281
5.56851 711621
5.56851 711961
5.57166 712301
5.57166 712641
5.57481 712981
5.57481 713321
5.57796 713661
5.57796 714001
5.58112 714341
5.58112 714681
5.58427 715021
5.58427 715361
5.58742 715701
5.58742 716041
5.59057 716381
5.59057 716721
5.59372 717061
5.59372 717401
5.59688 717741
5.59688 718081
5.60003 718421
5.60003 718761
5.60318 719101
5.60318 719441
5.60633 719781
5.60633 720121
5.60948 720461
5.60948 720801
5.61264 721141
5.61264 721481
5.61579 721821
5.61579 722161
5.61894 722501
5.61894 722841
5.62209 723181
5.62209 723521
5.62524 723861
5.62524 724201
5.6284 724541
5.6284 724881
5.63316 725221
5.63316 725561
5.63474 725901
5.63632 692581
5.70408 725901
5.70408 726241
5.70566 726581
5.70724 726921
5.70881 727261
5.71039 727601
5.71196 727941
5.71354 728281
5.71512 728621
5.71669 728961
5.71827 729301
5.71984 729641
5.72142 729981
5.723 730321
5.72457 730661
5.72615 731001
5.72772 731341
5.7293 731681
5.73088 732021
5.73245 732361
5.73403 732701
5.7356 733041
5.73718 733381
5.73876 733721
5.74033 734061
5.74191 734401
5.74348 734741
5.74506 735081
5.74664 735421
5.74821 735761
5.74979 736101
5.75136 736441
5.75294 736781
5.75452 737121
5.75609 737461
5.75767 737801
5.75924 738141
5.76082 738481
5.7624 738821
5.76397 739161
5.76555 739501
5.76712 739841
5.7687 740181
5.77028 740521
5.77185 740861
5.77343 741201
5.775 741541
5.77658 741881
5.77816 742221
5.77973 742561
5.78131 742901
5.78288 743241
5.78446 743581
5.786 743921
5.79783 744261
5.79783 744601
5.80098 744941
5.80098 745281
5.80413 745621
5.80413 745961
5.80729 746301
5.80729 746641
5.81044 746981
5.81044 747321
5.81359 747661
5.81359 748001
5.81674 748341
5.81674 748681
5.81989 749021
5.81989 749361
5.82305 749701
5.82305 750041
5.8262 750381
5.8262 750721
5.82935 751061
5.82935 751401
5.8325 751741
5.8325 752081
5.83565 752421
5.83565 752761
5.83881 753101
5.83881 753441
5.84196 753781
5.84196 754121
5.84511 754461
5.84511 754801
5.84826 755141
5.84826 755481
5.85141 755821
5.85141 756161
5.85457 756501
5.85457 756841
5.85772 757181
5.85772 757521
5.86087 757861
5.86087 758201
5.86402 758541
5.86402 758881
5.86717 759221
5.86717 759561
5.87033 759901
5.87033 760241
5.87348 760581
5.87348 760921
5.87663 761261
5.87663 761601
5.89 761941
5.89 762281
5.89315 762621
5.89315 762961
5.8963 763301
5.8963 763641
5.8963 763981
5.89946 764321
5.89946 764661
5.90261 765001
5.90261 765341
5.90576 765681
5.90576 766021
5.90891 766361
5.90891 766701
5.91206 767041
5.91206 767381
5.91522 767721
5.91522 768061
5.91837 768401
5.91837 768741
5.92152 769081
5.92152 769421
5.92467 769761
5.92467 770101
5.92782 770441
5.92782 770781
5.93098 771121
5.93098 771461
5.93413 771801
5.93413 772141
5.93728 772481
5.93728 772821
5.94043 773161
5.94043 773501
5.94358 773841
5.94358 774181
5.94674 774521
5.94674 774861
5.94989 775201
5.94989 775541
5.95304 775881
5.95304 776221
5.95619 776561
5.95619 776901
5.95934 777241
5.95934 777581
5.9625 777921
5.9625 778261
5.96565 778601
5.96565 778941
5.9688 779281
5.9688 779621
5.98217 779961
5.98217 780301
5.98532 780641
5.98532 780981
5.98847 781321
5.98847 781661
5.99163 782001
5.99163 782341
5.99478 782681
5.99478 783021
5.99793 783361
5.99793 783701
6.00108 784041
6.00108 784381
6.00423 784721
6.00423 785061
6.00739 785401
6.00739 785741
6.01054 786081
6.01054 786421
6.01369 786761
6.01369 787101
6.01684 787441
6.01684 787781
6.01999 788121
6.01999 788461
6.02315 788801
6.02315 789141
6.0263 789481
6.0263 789821
6.02945 790161
6.02945 790501
6.0326 790841
6.0326 791181
6.03575 791521
6.03575 791861
6.03891 792201
6.03891 792541
6.04206 792881
6.04206 793221
6.04521 793561
6.04521 793901
6.04836 794241
6.04836 794581
6.05151 794921
6.05151 795261
6.05467 795601
6.05467 795941
6.05782 796281
6.05782 796621
6.06097 796961
6.06097 797301
6.06412 797641
6.06412 797981
6.07592 798321
6.07592 798661
6.07907 799001
6.07907 799341
6.08537 799681
6.08537 800021
6.08537 800361
6.08537 800701
6.08856 801041
6.09014 801381
6.09172 782341
6.09644 801381
6.09644 801721
6.09802 802061
6.0996 802401
6.10117 802741
6.10275 803081
6.10432 803421
6.1059 803761
6.10748 804101
6.10905 804441
6.11063 804781
6.1122 805121
6.11378 805461
6.11536 805801
6.11693 806141
6.11851 806481
6.12008 806821
6.12166 807161
6.12324 807501
6.12481 807841
6.12639 808181
6.12796 808521
6.12954 808861
6.13112 809201
6.13269 809541
6.13427 809881
6.13584 810221
6.13742 810561
6.139 810901
6.14057 811241
6.14215 811581
6.14372 811921
6.1453 812261
6.14688 812601
6.14845 812941
6.15003 813281
6.1516 813621
6.15318 813961
6.15476 814301
6.15633 814641
6.15791 814981
6.16813 815321
6.1697 815661
6.17128 816001
6.17285 816341
6.17758 816681
6.17916 817021
6.18073 817361
6.18231 817701
6.18389 818041
6.18546 818381
6.187 818721
6.19019 819061
6.19019 819401
6.19334 819741
6.19334 820081
6.19649 820421
6.19649 820761
6.19965 821101
6.19965 821441
6.2028 821781
6.2028 822121
6.20595 822461
6.20595 822801
6.2091 823141
6.2091 823481
6.21225 823821
6.21225 824161
6.21541 824501
6.21541 824841
6.21856 825181
6.21856 825521
6.22171 825861
6.22171 826201
6.22486 826541
6.22486 826881
6.22801 827221
6.22801 827561
6.23117 827901
6.23117 828241
6.23432 828581
6.23432 828921
6.23747 829261
6.23747 829601
6.24062 829941
6.24062 830281
6.24377 830621
6.24377 830961
6.24693 831301
6.24693 831641
6.25008 831981
6.25008 832321
6.26187 832661
6.26187 833001
6.26979 833341
6.26979 833681
6.27137 834021
6.27294 816001
6.27294 834021
6.27294 834361
6.27294 834701
6.27294 835041
6.27294 835381
6.27294 835721
6.27294 836061
6.27294 836401
6.27294 836741
6.27294 837081
6.27294 837421
6.27294 837761
6.27294 838101
6.27294 838441
6.27294 838781
6.27294 839121
6.27294 839461
6.27294 839801
6.27294 840141
6.27294 840481
6.27294 840821
6.27294 841161
6.27294 841501
6.27294 841841
6.27294 842181
6.27294 842521
6.27294 842861
6.27294 843201
6.27294 843541
6.27452 843881
6.27609 844221
6.27767 844561
6.27925 844901
6.2824 845241
6.28397 845581
6.28555 845921
6.28713 846261
6.2887 846601
6.29028 846941
6.29185 847281
6.29343 847621
6.29501 847961
6.29658 848301
6.29816 848641
6.29973 848981
6.30131 849321
6.30289 849661
6.30446 850001
6.30604 850341
6.30761 850681
6.30919 851021
6.31077 851361
6.31234 851701
6.31392 852041
6.31549 852381
6.31707 852721
6.31865 853061
6.32022 853401
6.3218 853741
6.32337 854081
6.32495 854421
6.32653 854761
6.3281 855101
6.32968 855441
6.33125 855781
6.33283 856121
6.33441 856461
6.33598 856801
6.33917 857141
6.34075 857481
6.34232 830621
6.34232 830961
6.34232 857481
6.34232 857821
6.3439 858161
6.35412 858501
6.3557 858841
6.36204 859181
6.36361 859521
6.36519 859861
6.36673 860201
6.3683 860541
6.36988 860881
6.37146 861221
6.37303 861561
6.37461 861901
6.37618 862241
6.37776 862581
6.37934 862921
6.38091 863261
6.38249 863601
6.38406 863941
6.38564 864281
6.38722 864621
6.38879 864961
6.39037 865301
6.39194 865641
6.39352 865981
6.3951 866321
6.39667 866661
6.39825 867001
6.39982 867341
6.4014 867681
6.40298 868021
6.40455 868361
6.40613 868701
6.4077 869041
6.40928 869381
6.41086 869721
6.41243 870061
6.41401 870401
6.41558 870741
6.41716 871081
6.41874 871421
6.42031 871761
6.42189 872101
6.42346 872441
6.42504 872781
6.42662 873121
6.42819 873461
6.42977 873801
6.43134 874141
6.43292 874481
6.4345 874821
6.43607 875161
6.43765 875501
6.43922 875841
6.4408 876181
6.44238 876521
6.44395 876861
6.44553 877201
6.4471 877541
6.44868 877881
6.45026 878221
6.45183 878561
6.45341 878901
6.45498 879241
6.45656 879581
6.45814 879921
6.45971 880261
6.46129 880601
6.46286 880941
6.46444 881281
6.46602 881621
6.46759 881961
6.46917 882301
6.47074 882641
6.47232 882981
6.4739 883321
6.47547 883661
6.47701 884001
6.48016 884341
6.48016 884681
6.48331 885021
6.48331 885361
6.48646 885701
6.48646 886041
6.48646 886381
6.48962 886721
6.48962 887061
6.49277 887401
6.49277 887741
6.49592 888081
6.49592 888421
6.49907 888761
6.49907 889101
6.50222 889441
6.50222 889781
6.50538 890121
6.50538 890461
6.50853 890801
6.50853 891141
6.51168 891481
6.51168 891821
6.51483 892161
6.51483 892501
6.51798 892841
6.51798 893181
6.52114 893521
6.52114 893861
6.52429 894201
6.52429 894541
6.52744 894881
6.52744 895221
6.53059 895561
6.53059 895901
6.53374 896241
6.53374 896581
6.5369 896921
6.5369 897261
6.54005 897601
6.54005 897941
6.5432 898281
6.5432 898621
6.54635 898961
6.54635 899301
6.5495 899641
6.5495 899981
6.55266 900321
6.55266 900661
6.55581 901001
6.55581 901341
6.55896 901681
6.55896 902021
6.56211 902361
6.56211 902701
6.56526 903041
6.56526 903381
6.56842 903721
6.56842 904061
6.57157 904401
6.57157 904741
6.57472 905081
6.57472 905421
6.57787 905761
6.57787 906101
6.58102 906441
6.58102 906781
6.58418 907121
6.58418 907461
6.58733 907801
6.58733 908141
6.59048 908481
6.59048 908821
6.59363 909161
6.59363 909501
6.59678 909841
6.59678 910181
6.59994 910521
6.59994 910861
6.60309 911201
6.60309 911541
6.60624 911881
6.60624 912221
6.60939 912561
6.60939 912901
6.61258 913241
6.61416 913581
6.61574 886041
6.64726 913581
6.64726 913921
6.64883 914261
6.65041 914601
6.65198 914941
6.65356 915281
6.65514 915621
6.65671 915961
6.65829 916301
6.65986 916641
6.66144 916981
6.66302 917321
6.66459 917661
6.66617 918001
6.66774 918341
6.66932 918681
6.6709 919021
6.67247 919361
6.67405 919701
6.67562 920041
6.6772 920381
6.67878 920721
6.68035 921061
6.68193 921401
6.6835 921741
6.68508 922081
6.68666 922421
6.68823 922761
6.68981 923101
6.69138 923441
6.69296 923781
6.69454 924121
6.69611 924461
6.69769 924801
6.69926 925141
6.70084 925481
6.70242 925821
6.70399 926161
6.70557 926501
6.70714 926841
6.7103 927181
6.7103 927521
6.71187 927861
6.71345 928201
6.71502 928541
6.7166 928881
6.71818 929221
6.71975 929561
6.72133 929901
6.7229 930241
6.72448 930581
6.72606 930921
6.72763 931261
6.72921 931601
6.73078 931941
6.73236 932281
6.73394 932621
6.73551 932961
6.73709 933301
6.73862 933641
6.74339 933981
6.74339 934321
6.74497 934661
6.74654 913921
6.74654 934661
6.74654 935001
6.74654 935341
6.74654 935681
6.74654 936021
6.74654 936361
6.74654 936701
6.74654 937041
6.74654 937381
6.74654 937721
6.74654 938061
6.74654 938401
6.74654 938741
6.74654 939081
6.74654 939421
6.74654 939761
6.74654 940101
6.74654 940441
6.74654 940781
6.74654 941121
6.74654 941461
6.74654 941801
6.74654 942141
6.74654 942481
6.74654 942821
6.74654 943161
6.74654 943501
6.74654 943841
6.74654 944181
6.74654 944521
6.74654 944861
6.74654 945201
6.74654 945541
6.74654 945881
6.74654 946221
6.74654 946561
6.74654 946901
6.74654 947241
6.74654 947581
6.74654 947921
6.74654 948261
6.74654 948601
6.74654 948941
6.74654 949281
6.74654 949621
6.74654 949961
6.74654 950301
6.74654 950641
6.74654 950981
6.74654 951321
6.74654 951661
6.74654 952001
6.74654 952341
6.74654 952681
6.74654 953021
6.74654 953361
6.74654 953701
6.74654 954041
6.74654 954381
6.74654 954721
6.74654 955061
6.74654 955401
6.74654 955741
6.74654 956081
6.74654 956421
6.74654 956761
6.74654 957101
6.74654 957441
6.74654 957781
6.74654 958121
6.74654 958461
6.74654 958801
6.74654 959141
6.74654 959481
6.74654 959821
6.74654 960161
6.74654 960501
6.74654 960841
6.74654 961181
6.74654 961521
6.74654 961861
6.74654 962201
6.74654 962541
6.74654 962881
6.74654 963221
6.74654 963561
6.74654 963901
6.74654 964241
6.74654 964581
6.74654 964921
6.74654 965261
6.74654 965601
6.74654 965941
6.74654 966281
6.74654 966621
6.74654 966961
6.74654 967301
6.74654 967641
6.74654 967981
6.74654 968321
6.74654 968661
6.74654 969001
6.74654 969341
6.74654 969681
6.74654 970021
6.74654 970361
6.74654 970701
6.74654 971041
6.74654 971381
6.74654 971721
6.74654 972061
6.74654 972401
6.74654 972741
6.74654 973081
6.74654 973421
6.74654 973761
6.74654 974101
6.74654 974441
6.74654 974781
6.74654 975121
6.74654 975461
6.74654 975801
6.74654 976141
6.74654 976481
6.74654 976821
6.74654 977161
6.74654 977501
6.74654 977841
6.74654 978181
6.74654 978521
6.74654 978861
6.74654 979201
6.74654 979541
6.74654 979881
6.74654 980221
6.74654 980561
6.74654 980901
6.74654 981241
6.74654 981581
6.74654 981921
6.74654 982261
6.74654 982601
6.74654 982941
6.74654 983281
6.74654 983621
6.74654 983961
6.74654 984301
6.74654 984641
6.74654 984981
6.74654 985321
6.74654 985661
6.74654 986001
6.74654 986341
6.74654 986681
6.74654 987021
6.74654 987361
6.74654 987701
6.74654 988041
6.74654 988381
6.74654 988721
6.74654 989061
6.74654 989401
6.74654 989741
6.74654 990081
6.74654 990421
6.74654 990761
6.74654 991101
6.74654 991441
6.74654 991781
6.74654 992121
6.74654 992461
6.74654 992801
6.74654 993141
6.74654 993481
6.74654 993821
6.74654 994161
6.74654 994501
6.74654 994841
6.74654 995181
6.74654 995521
6.74654 995861
6.74654 996201
6.74654 996541
6.74654 996881
6.74654 997221
6.74654 997561
6.74654 997901
6.74654 998241
6.74654 998581
6.74654 998921
6.74654 999261
6.74654 999601
6.74654 999941
6.74654 1000281
6.74654 1000621
6.74654 1000961
6.74654 1001301
6.74654 1001641
6.74654 1001981
6.74654 1002321
6.74654 1002661
6.74654 1003001
6.74654 1003341
6.74654 1003681
6.74654 1004021
6.74654 1004361
6.74654 1004701
6.74654 1005041
6.74654 1005381
6.74654 1005721
6.74654 1006061
6.74654 1006401
6.74654 1006741
6.74654 1007081
6.74654 1007421
6.74654 1007761
6.74654 1008101
6.74654 1008441
6.74654 1008781
6.74654 1009121
6.74654 1009461
6.74654 1009801
6.74654 1010141
6.74654 1010481
6.74654 1010821
6.74654 1011161
6.74654 1011501
6.74654 1011841
6.74654 1012181
6.74654 1012521
6.74654 1012861
6.74654 1013201
6.74654 1013541
6.74654 1013881
6.74654 1014221
6.74654 1014561
6.74654 1014901
6.74654 1015241
6.74654 1015581
6.74654 1015921
6.74654 1016261
6.74654 1016601
6.74654 1016941
6.74654 1017281
6.74654 1017621
6.74654 1017961
6.74654 1018301
6.74654 1018641
6.74654 1018981
6.74654 1019321
6.74654 1019661
6.74654 1020001
6.74654 1020341
6.74654 1020681
6.74654 1021021
6.74654 1021361
6.74654 1021701
6.74654 1022041
6.74654 1022381
6.74654 1022721
6.74654 1023061
6.74654 1023401
6.74654 1023741
6.74654 1024081
6.74654 1024421
6.74654 1024761
6.74654 1025101
6.74654 1025441
6.74654 1025781
6.74654 1026121
6.74654 1026461
6.74654 1026801
6.74654 1027141
6.74654 1027481
6.74654 1027821
6.74654 1028161
6.74654 1028501
6.74654 1028841
6.74654 1029181
6.74654 1029521
6.74654 1029861
6.74654 1030201
6.74654 1030541
6.74654 1030881
6.74654 1031221
6.74654 1031561
6.74654 1031901
6.74654 1032241
6.74654 1032581
6.74654 1032921
6.74654 1033261
6.74654 1033601
6.74654 1033941
6.74654 1034281
6.74654 1034621
6.74654 1034961
6.74654 1035301
6.74654 1035641
6.74654 1035981
6.74654 1036321
6.74654 1036661
6.74654 1037001
6.74654 1037341
6.74654 1037681
6.74654 1038021
6.74654 1038361
6.74654 1038701
6.74654 1039041
6.74654 1039381
6.74654 1039721
6.74654 1040061
6.74654 1040401
6.74654 1040741
6.74654 1041081
6.74654 1041421
6.74654 1041761
6.74654 1042101
6.74654 1042441
6.74654 1042781
6.74654 1043121
6.74654 1043461
6.74654 1043801
6.74654 1044141
6.74654 1044481
6.74654 1044821
6.74654 1045161
6.74654 1045501
6.74654 1045841
6.74654 1046181
6.74654 1046521
6.74654 1046861
6.74654 1047201
6.74654 1047541
6.74654 1047881
6.74654 1048221
6.74654 1048561
6.74654 1048901
6.74654 1049241
6.74654 1049581
6.74654 1049921
6.74654 1050261
6.74654 1050601
6.74654 1050941
6.74654 1051281
6.74654 1051621
6.74654 1051961
6.74654 1052301
6.74654 1052641
6.74654 1052981
6.74654 1053321
6.74654 1053661
6.74654 1054001
6.74654 1054341
6.74654 1054681
6.74654 1055021
6.74654 1055361
6.74654 1055701
6.74654 1056041
6.74654 1056381
6.74654 1056721
6.74654 1057061
6.74654 1057401
6.74654 1057741
6.74654 1058081
6.74654 1058421
6.74654 1058761
6.74654 1059101
6.74654 1059441
6.74654 1059781
6.74654 1060121
6.74654 1060461
6.74654 1060801
6.74654 1061141
6.74654 1061481
6.74654 1061821
6.74654 1062161
6.74654 1062501
6.74654 1062841
6.74654 1063181
6.74654 1063521
6.74654 1063861
6.74654 1064201
6.74654 1064541
6.74654 1064881
6.74654 1065221
6.74654 1065561
6.74654 1065901
6.74654 1066241
6.74654 1066581
6.74654 1066921
6.74654 1067261
6.74654 1067601
6.74654 1067941
6.74654 1068281
6.74654 1068621
6.74654 1068961
6.74812 1069301
6.7497 1069641
6.75127 1069981
6.75285 1070321
6.75442 1070661
6.756 1071001
6.75758 1071341
6.75915 1071681
6.76073 1072021
6.7623 1072361
6.76388 1072701
6.76546 1073041
6.76703 1073381
6.76861 1073721
6.77018 1074061
6.77176 1074401
6.77334 1074741
6.77491 1075081
6.77649 1075421
6.77806 1075761
6.77964 1076101
6.78122 1076441
6.78279 1076781
6.78437 1077121
6.78594 1077461
6.78752 1077801
6.7891 1078141
6.79067 1078481
6.79225 1078821
6.79382 1079161
6.7954 1079501
6.79698 1079841
6.79855 1080181
6.80013 1080521
6.8025 1080861
6.80408 1081201
6.80566 1081541
6.80723 1081881
6.80881 1082221
6.81038 1082561
6.81196 1082901
6.81354 1083241
6.81511 1083581
6.81669 1083921
6.81826 1084261
6.81984 1084601
6.82142 1084941
6.82299 1085281
6.82457 1085621
6.82614 1085961
6.82772 1086301
6.8293 1086641
6.83087 1086981
6.83245 1087321
6.8356 1087661
6.83718 1088001
6.83875 1088341
6.84029 1088681
6.84344 1089021
6.84344 1089361
6.84659 1089701
6.84659 1090041
6.84975 1090381
6.84975 1090721
6.8529 1091061
6.8529 1091401
6.85605 1091741
6.85605 1092081
6.8592 1092421
6.8592 1092761
6.86235 1093101
6.86235 1093441
6.86551 1093781
6.86551 1094121
6.86866 1094461
6.86866 1094801
6.87181 1095141
6.87181 1095481
6.87496 1095821
6.87496 1096161
6.87811 1096501
6.87811 1096841
6.88127 1097181
6.88127 1097521
6.88442 1097861
6.88442 1098201
6.88757 1098541
6.88757 1098881
6.89072 1099221
6.89072 1099561
6.89387 1099901
6.89387 1100241
6.89703 1100581
6.89703 1100921
6.90018 1101261
6.90018 1101601
6.90333 1101941
6.90333 1102281
6.90648 1102621
6.90648 1102961
6.90963 1103301
6.90963 1103641
6.91279 1103981
6.91279 1104321
6.91594 1104661
6.91594 1105001
6.91909 1105341
6.91909 1105681
6.92224 1106021
6.92224 1106361
6.92539 1106701
6.92539 1107041
6.92855 1107381
6.92855 1107721
6.9317 1108061
6.9317 1108401
6.93485 1108741
6.93485 1109081
6.938 1109421
6.938 1109761
6.94115 1110101
6.94115 1110441
6.94431 1110781
6.94431 1111121
6.94746 1111461
6.94746 1111801
6.95061 1112141
6.95061 1112481
6.95376 1112821
6.95376 1113161
6.95691 1113501
6.95691 1113841
6.96007 1114181
6.96007 1114521
6.96322 1114861
6.96322 1115201
6.96637 1115541
6.96637 1115881
6.96952 1116221
6.96952 1116561
6.97267 1116901
6.97267 1117241
6.97583 1117581
6.97583 1117921
6.97898 1118261
6.97898 1118601
6.98213 1118941
6.98213 1119281
6.98528 1119621
6.98528 1119961
6.98843 1120301
6.98843 1120641
6.99159 1120981
6.99159 1121321
6.99474 1121661
6.99474 1122001
6.99789 1122341
6.99789 1122681
7.00104 1123021
7.00104 1123361
7.00419 1123701
7.00419 1124041
7.00735 1124381
7.00735 1124721
7.0105 1125061
7.0105 1125401
7.01365 1125741
7.01365 1126081
7.0168 1126421
7.0168 1126761
7.01995 1127101
7.01995 1127441
7.02311 1127781
7.02311 1128121
7.02626 1128461
7.02626 1128801
7.02941 1129141
7.02941 1129481
7.03256 1129821
7.03256 1130161
7.03571 1130501
7.03571 1130841
7.03887 1131181
7.03887 1131521
7.04202 1131861
7.04202 1132201
7.04517 1132541
7.04517 1132881
7.04832 1133221
7.04832 1133561
7.05147 1133901
7.05147 1134241
7.05463 1134581
7.05463 1134921
7.05778 1135261
7.05778 1135601
7.06093 1135941
7.06093 1136281
7.06408 1136621
7.06408 1136961
7.06723 1137301
7.06723 1137641
7.07039 1137981
7.07039 1138321
7.07354 1138661
7.07354 1139001
7.07669 1139341
7.07669 1139681
7.07984 1140021
7.07984 1140361
7.08299 1140701
7.08299 1141041
7.08615 1141381
7.08615 1141721
7.08776 1142061
7.08934 1142401
7.09091 987701
7.33842 988041
7.33842 988381
7.34 988721
7.34157 989061
7.34315 989401
7.34472 989741
7.3463 990081
7.34788 990421
7.34945 990761
7.35103 991101
7.3526 991441
7.35418 991781
7.35576 992121
7.35733 992461
7.35891 992801
7.36048 993141
7.36206 993481
7.36364 993821
7.36521 994161
7.36679 994501
7.36836 994841
7.36994 995181
7.37152 995521
7.37309 995861
7.37467 996201
7.37624 996541
7.37782 996881
7.3794 997221
7.38097 997561
7.38255 997901
7.38412 998241
7.3857 998581
7.38728 998921
7.38885 999261
7.39043 999601
7.392 999941
7.39358 1000281
7.39516 1000621
7.39673 1000961
7.39831 1001301
7.39988 1001641
7.40146 1001981
7.40304 1002321
7.40461 1002661
7.40619 1003001
7.40776 1003341
7.40934 1003681
7.41092 1004021
7.41249 1004361
7.41407 1004701
7.41564 1005041
7.41722 1005381
7.4188 1005721
7.42037 1006061
7.42195 1006401
7.42352 1006741
7.4251 1007081
7.42668 1007421
7.43071 1007761
7.43228 1008101
7.43386 1008441
7.43543 1008781
7.43701 1009121
7.43859 1009461
7.44016 1009801
7.44174 1010141
7.44331 1010481
7.44489 1010821
7.44647 1011161
7.44804 1011501
7.44962 1011841
7.45119 1012181
7.45277 1012521
7.45435 1012861
7.45592 1013201
7.4575 1013541
7.45907 1013881
7.46065 1014221
7.46223 1014561
7.4638 1014901
7.46538 1015241
7.46695 1015581
7.46853 1015921
7.47011 1016261
7.47168 1016601
7.47326 1016941
7.47483 1017281
7.47641 1017621
7.47799 1017961
7.47956 1018301
7.48114 1018641
7.48271 1018981
7.48429 1019321
7.48587 1019661
7.48744 1020001
7.48902 1020341
7.49059 1020681
7.49217 1021021
7.49375 1021361
7.49532 1021701
7.4969 1022041
7.49847 1022381
7.50005 1022721
7.50163 1023061
7.5032 1023401
7.50478 1023741
7.50635 1024081
7.50793 1024421
7.50951 1024761
7.51108 1025101
7.51266 1025441
7.51423 1025781
7.51581 1026121
7.51739 1026461
7.51896 1026801
7.52299 1027141
7.52457 1027481
7.52614 1027821
7.52772 1028161
7.5293 1028501
7.53087 1028841
7.53245 1029181
7.53402 1029521
7.5356 1029861
7.53718 1030201
7.53875 1030541
7.54033 1030881
7.5419 1031221
7.54348 1031561
7.54506 1031901
7.54663 1032241
7.54821 1032581
7.54978 1032921
7.55136 1033261
7.55294 1033601
7.55451 1033941
7.55609 1034281
7.55766 1034621
7.55924 1034961
7.56082 1035301
7.56239 1035641
7.56397 1035981
7.56554 1036321
7.56712 1036661
7.5687 1037001
7.57027 1037341
7.57185 1037681
7.57342 1038021
7.575 1038361
7.57658 1038701
7.57815 1039041
7.57973 1039381
7.5813 1039721
7.58288 1040061
7.58446 1040401
7.58603 1040741
7.58761 1041081
7.58918 1041421
7.59076 1041761
7.59234 1042101
7.59391 1042441
7.59549 1042781
7.59706 1043121
7.59864 1043461
7.60022 1043801
7.60179 1044141
7.60337 1044481
7.60494 1044821
7.60652 1045161
7.6081 1045501
7.60967 1045841
7.61125 1046181
7.61528 1046521
7.61685 1046861
7.61843 1047201
7.62001 1047541
7.62158 1047881
7.62316 1048221
7.62473 1048561
7.62631 1048901
7.62789 1049241
7.62946 1049581
7.63104 1049921
7.63261 1050261
8.42668 1030881
8.42668 1031221
8.51896 1050261
8.51896 1050601
8.51896 1050941
8.61125 1051281
8.61125 1051621
8.61282 1051961
8.61282 1052301
8.70353 1052641
8.70353 1052981
8.70511 1053321
8.70511 1053661
8.70669 1054001
8.70669 1054341
8.70826 1054681
8.70826 1055021
8.79582 1055361
8.79582 1055701
8.7974 1056041
8.7974 1056381
8.79897 1056721
8.79897 1057061
8.80055 1057401
8.80055 1057741
8.80212 1058081
8.80212 1058421
8.8037 1058761
8.8037 1059101
8.80528 1059441
8.80528 1059781
8.80685 1060121
8.80685 1060461
8.8881 1060801
8.8881 1061141
8.88968 1061481
8.88968 1061821
9.88968 1055701
9.88968 1056041
9.98197 1061821
9.98197 1062161
9.98197 1062501
10.0743 1062841
10.0743 1063181
10.0758 1063521
10.0758 1063861
