0.0905768 340
0.0905768 680
0.0905768 1020
0.0905768 1360
0.0905768 1700
0.0905768 2040
0.0905768 2380
0.0905768 2720
0.0905768 3060
0.0905768 3400
0.18279 3060
0.18279 3400
0.18279 3740
0.185942 3060
0.185942 3400
0.185942 3740
0.185942 4080
0.189094 3400
0.189094 3740
0.189094 4080
0.189094 4420
0.193861 3740
0.193861 4080
0.193861 4420
0.195437 4080
0.195437 4420
0.197013 3740
0.197013 4080
0.197013 4420
0.274999 4080
0.274999 4420
0.276575 4080
0.276575 4420
0.278151 4080
0.278151 4420
0.279727 4080
0.279727 4420
0.281303 4080
0.281303 4420
0.282879 4080
0.282879 4420
0.284455 4080
0.284455 4420
0.286031 4080
0.286031 4420
0.287607 4080
0.287607 4420
0.289183 4080
0.289183 4420
0.290759 4080
0.290759 4420
0.292297 4080
0.292297 4420
0.292297 4760
0.36717 4080
0.36717 4420
0.36717 4760
0.370322 4080
0.370322 4420
0.370322 4760
0.373474 4080
0.373474 4420
0.373474 4760
0.376626 4080
0.376626 4420
0.376626 4760
0.379778 4080
0.379778 4420
0.379778 4760
0.38293 4080
0.38293 4420
0.38293 4760
0.386082 4080
0.386082 4420
0.386082 4760
0.460916 4080
0.460916 4420
0.460916 4760
0.464068 4080
0.464068 4420
0.464068 4760
0.46722 4080
0.46722 4420
0.46722 4760
0.470372 4080
0.470372 4420
0.470372 4760
0.473524 4080
0.473524 4420
0.473524 4760
0.476676 4080
0.476676 4420
0.476676 4760
0.479828 4080
0.479828 4420
0.479828 4760
0.554662 4080
0.554662 4420
0.554662 4760
0.554662 5100
0.557814 4420
0.557814 4760
0.557814 5100
0.560966 4420
0.560966 4760
0.560966 5100
0.564118 4420
0.564118 4760
0.564118 5100
0.56727 4420
0.56727 4760
0.56727 5100
0.570422 4420
0.570422 4760
0.570422 5100
0.573574 4420
0.573574 4760
0.573574 5100
0.648409 4420
0.648409 4760
0.648409 5100
0.651561 4420
0.651561 4760
0.651561 5100
0.654713 4420
0.654713 4760
0.654713 5100
0.657865 4420
0.657865 4760
0.657865 5100
0.661017 4420
0.661017 4760
0.661017 5100
0.664169 4420
0.664169 4760
0.664169 5100
0.667321 4420
0.667321 4760
0.667321 5100
0.740579 4420
0.740579 4760
0.740579 5100
0.743731 4420
0.743731 4760
0.743731 5100
0.746883 4420
0.746883 4760
0.746883 5100
0.746883 5440
0.750035 4760
0.750035 5100
0.750035 5440
0.753187 4760
0.753187 5100
0.753187 5440
0.756339 4760
0.756339 5100
0.756339 5440
0.759491 4760
0.759491 5100
0.759491 5440
0.83275 4760
0.83275 5100
0.83275 5440
0.835902 4760
0.835902 5100
0.835902 5440
0.839054 4760
0.839054 5100
0.839054 5440
0.842206 4760
0.842206 5100
0.842206 5440
0.845358 4760
0.845358 5100
0.845358 5440
0.84851 4760
0.84851 5100
0.84851 5440
0.851662 4760
0.851662 5100
0.851662 5440
0.854814 4760
0.854814 5100
0.854814 5440
0.926496 4760
0.926496 5100
0.926496 5440
0.929648 4760
0.929648 5100
0.929648 5440
0.9328 4760
0.9328 5100
0.9328 5440
0.935952 4760
0.935952 5100
0.935952 5440
0.935952 5780
0.939104 5100
0.939104 5440
0.939104 5780
0.942256 5100
0.942256 5440
0.942256 5780
0.945408 5100
0.945408 5440
0.945408 5780
0.94856 5100
0.94856 5440
0.94856 5780
1.02024 5100
1.02024 5440
1.02024 5780
1.02339 5100
1.02339 5440
1.02339 5780
1.02655 5100
1.02655 5440
1.02655 5780
1.0297 5100
1.0297 5440
1.0297 5780
1.03285 5100
1.03285 5440
1.03285 5780
1.036 5100
1.036 5440
1.036 5780
1.03915 5100
1.03915 5440
1.03915 5780
1.04231 5100
1.04231 5440
1.04231 5780
1.11241 5100
1.11241 5440
1.11241 5780
1.11556 5100
1.11556 5440
1.11556 5780
1.11872 5100
1.11872 5440
1.11872 5780
1.12187 5100
1.12187 5440
1.12187 5780
1.12502 5100
1.12502 5440
1.12502 5780
1.12817 5100
1.12817 5440
1.12817 5780
1.12817 6120
1.13132 5440
1.13132 5780
1.13132 6120
1.13448 5440
1.13448 5780
1.13448 6120
1.20458 5440
1.20458 5780
1.20458 6120
1.20774 5440
1.20774 5780
1.20774 6120
1.21089 5440
1.21089 5780
1.21089 6120
1.21404 5440
1.21404 5780
1.21404 6120
1.21719 5440
1.21719 5780
1.21719 6120
1.22034 5440
1.22034 5780
1.22034 6120
1.2235 5440
1.2235 5780
1.2235 6120
1.22665 5440
1.22665 5780
1.22665 6120
1.2298 5440
1.2298 5780
1.2298 6120
1.29833 5440
1.29833 5780
1.29833 6120
1.30148 5440
1.30148 5780
1.30148 6120
1.30463 5440
1.30463 5780
1.30463 6120
1.30779 5440
1.30779 5780
1.30779 6120
1.31094 5440
1.31094 5780
1.31094 6120
1.31409 5440
1.31409 5780
1.31409 6120
1.31724 5440
1.31724 5780
1.31724 6120
1.32039 5440
1.32039 5780
1.32039 6120
1.32039 6460
1.32355 5780
1.32355 6120
1.32355 6460
1.39208 5780
1.39208 6120
1.39208 6460
1.39523 5780
1.39523 6120
1.39523 6460
1.39838 5780
1.39838 6120
1.39838 6460
1.40153 5780
1.40153 6120
1.40153 6460
1.40468 5780
1.40468 6120
1.40468 6460
1.40784 5780
1.40784 6120
1.40784 6460
1.41099 5780
1.41099 6120
1.41099 6460
1.41414 5780
1.41414 6120
1.41414 6460
1.41729 5780
1.41729 6120
1.41729 6460
1.48425 5780
1.48425 6120
1.48425 6460
1.4874 5780
1.4874 6120
1.4874 6460
1.49055 5780
1.49055 6120
1.49055 6460
1.4937 5780
1.4937 6120
1.4937 6460
1.49685 5780
1.49685 6120
1.49685 6460
1.50001 5780
1.50001 6120
1.50001 6460
1.50316 5780
1.50316 6120
1.50316 6460
1.50631 5780
1.50631 6120
1.50631 6460
1.50946 5780
1.50946 6120
1.50946 6460
1.57642 5780
1.57642 6120
1.57642 6460
1.57642 6800
1.57957 6120
1.57957 6460
1.57957 6800
1.58272 6120
1.58272 6460
1.58272 6800
1.58587 6120
1.58587 6460
1.58587 6800
1.58902 6120
1.58902 6460
1.58902 6800
1.59218 6120
1.59218 6460
1.59218 6800
1.59533 6120
1.59533 6460
1.59533 6800
1.59848 6120
1.59848 6460
1.59848 6800
1.60163 6120
1.60163 6460
1.60163 6800
1.66859 6120
1.66859 6460
1.66859 6800
1.67174 6120
1.67174 6460
1.67174 6800
1.67489 6120
1.67489 6460
1.67489 6800
1.67804 6120
1.67804 6460
1.67804 6800
1.6812 6120
1.6812 6460
1.6812 6800
1.68435 6120
1.68435 6460
1.68435 6800
1.6875 6120
1.6875 6460
1.6875 6800
1.69065 6120
1.69065 6460
1.69065 6800
1.6938 6120
1.6938 6460
1.6938 6800
1.69696 6120
1.69696 6460
1.69696 6800
1.76233 6120
1.76233 6460
1.76233 6800
1.76549 6120
1.76549 6460
1.76549 6800
1.76864 6120
1.76864 6460
1.76864 6800
1.77179 6120
1.77179 6460
1.77179 6800
1.77179 7140
1.77494 6460
1.77494 6800
1.77494 7140
1.77809 6460
1.77809 6800
1.77809 7140
1.78125 6460
1.78125 6800
1.78125 7140
1.7844 6460
1.7844 6800
1.7844 7140
1.78755 6460
1.78755 6800
1.78755 7140
1.7907 6460
1.7907 6800
1.7907 7140
1.85608 6460
1.85608 6800
1.85608 7140
1.85923 6460
1.85923 6800
1.85923 7140
1.86238 6460
1.86238 6800
1.86238 7140
1.86554 6460
1.86554 6800
1.86554 7140
1.86869 6460
1.86869 6800
1.86869 7140
1.87184 6460
1.87184 6800
1.87184 7140
1.87499 6460
1.87499 6800
1.87499 7140
1.87814 6460
1.87814 6800
1.87814 7140
1.8813 6460
1.8813 6800
1.8813 7140
1.88445 6460
1.88445 6800
1.88445 7140
1.94825 6460
1.94825 6800
1.94825 7140
1.9514 6460
1.9514 6800
1.9514 7140
1.95455 6460
1.95455 6800
1.95455 7140
1.95771 6460
1.95771 6800
1.95771 7140
1.96086 6460
1.96086 6800
1.96086 7140
1.96401 6460
1.96401 6800
1.96401 7140
1.96401 7480
1.96716 6800
1.96716 7140
1.96716 7480
1.97031 6800
1.97031 7140
1.97031 7480
1.97347 6800
1.97347 7140
1.97347 7480
1.97662 6800
1.97662 7140
1.97662 7480
2.04042 6800
2.04042 7140
2.04042 7480
2.04357 6800
2.04357 7140
2.04357 7480
2.04672 6800
2.04672 7140
2.04672 7480
2.04988 6800
2.04988 7140
2.04988 7480
2.05303 6800
2.05303 7140
2.05303 7480
2.05618 6800
2.05618 7140
2.05618 7480
2.05933 6800
2.05933 7140
2.05933 7480
2.06248 6800
2.06248 7140
2.06248 7480
2.06564 6800
2.06564 7140
2.06564 7480
2.06879 6800
2.06879 7140
2.06879 7480
2.07194 6800
2.07194 7140
2.07194 7480
2.13417 6800
2.13417 7140
2.13417 7480
2.13732 6800
2.13732 7140
2.13732 7480
2.14047 6800
2.14047 7140
2.14047 7480
2.14362 6800
2.14362 7140
2.14362 7480
2.14678 6800
2.14678 7140
2.14678 7480
2.14993 6800
2.14993 7140
2.14993 7480
2.15308 6800
2.15308 7140
2.15308 7480
2.15623 6800
2.15623 7140
2.15623 7480
2.15623 7820
2.15938 7140
2.15938 7480
2.15938 7820
2.16254 7140
2.16254 7480
2.16254 7820
2.16569 7140
2.16569 7480
2.16569 7820
2.22791 7140
2.22791 7480
2.22791 7820
2.23107 7140
2.23107 7480
2.23107 7820
2.23422 7140
2.23422 7480
2.23422 7820
2.23737 7140
2.23737 7480
2.23737 7820
2.24052 7140
2.24052 7480
2.24052 7820
2.24367 7140
2.24367 7480
2.24367 7820
2.24683 7140
2.24683 7480
2.24683 7820
2.24998 7140
2.24998 7480
2.24998 7820
2.25313 7140
2.25313 7480
2.25313 7820
2.25628 7140
2.25628 7480
2.25628 7820
2.25943 7140
2.25943 7480
2.25943 7820
2.32008 7140
2.32008 7480
2.32008 7820
2.32324 7140
2.32324 7480
2.32324 7820
2.32639 7140
2.32639 7480
2.32639 7820
2.32954 7140
2.32954 7480
2.32954 7820
2.33269 7140
2.33269 7480
2.33269 7820
2.33584 7140
2.33584 7480
2.33584 7820
2.339 7140
2.339 7480
2.339 7820
2.34215 7140
2.34215 7480
2.34215 7820
2.3453 7140
2.3453 7480
2.3453 7820
2.34845 7140
2.34845 7480
2.34845 7820
2.34845 8160
2.3516 7480
2.3516 7820
2.3516 8160
2.41225 7480
2.41225 7820
2.41225 8160
2.41541 7480
2.41541 7820
2.41541 8160
2.41856 7480
2.41856 7820
2.41856 8160
2.42171 7480
2.42171 7820
2.42171 8160
2.42486 7480
2.42486 7820
2.42486 8160
2.42801 7480
2.42801 7820
2.42801 8160
2.43117 7480
2.43117 7820
2.43117 8160
2.43432 7480
2.43432 7820
2.43432 8160
2.43747 7480
2.43747 7820
2.43747 8160
2.44062 7480
2.44062 7820
2.44062 8160
2.44377 7480
2.44377 7820
2.44377 8160
2.44693 7480
2.44693 7820
2.44693 8160
2.506 7480
2.506 7820
2.506 8160
2.50915 7480
2.50915 7820
2.50915 8160
2.5123 7480
2.5123 7820
2.5123 8160
2.51546 7480
2.51546 7820
2.51546 8160
2.51861 7480
2.51861 7820
2.51861 8160
2.52176 7480
2.52176 7820
2.52176 8160
2.52491 7480
2.52491 7820
2.52491 8160
2.52806 7480
2.52806 7820
2.52806 8160
2.53122 7480
2.53122 7820
2.53122 8160
2.53437 7480
2.53437 7820
2.53437 8160
2.53752 7480
2.53752 7820
2.53752 8160
2.54067 7480
2.54067 7820
2.54067 8160
2.59975 7480
2.59975 7820
2.59975 8160
2.59975 8500
2.6029 7820
2.6029 8160
2.6029 8500
2.60605 7820
2.60605 8160
2.60605 8500
2.6092 7820
2.6092 8160
2.6092 8500
2.61236 7820
2.61236 8160
2.61236 8500
2.61551 7820
2.61551 8160
2.61551 8500
2.61866 7820
2.61866 8160
2.61866 8500
2.62181 7820
2.62181 8160
2.62181 8500
2.62496 7820
2.62496 8160
2.62496 8500
2.62812 7820
2.62812 8160
2.62812 8500
2.63127 7820
2.63127 8160
2.63127 8500
2.63442 7820
2.63442 8160
2.63442 8500
2.69349 7820
2.69349 8160
2.69349 8500
2.69665 7820
2.69665 8160
2.69665 8500
2.6998 7820
2.6998 8160
2.6998 8500
2.70295 7820
2.70295 8160
2.70295 8500
2.7061 7820
2.7061 8160
2.7061 8500
2.70925 7820
2.70925 8160
2.70925 8500
2.71241 7820
2.71241 8160
2.71241 8500
2.71556 7820
2.71556 8160
2.71556 8500
2.71871 7820
2.71871 8160
2.71871 8500
2.72186 7820
2.72186 8160
2.72186 8500
2.72501 7820
2.72501 8160
2.72501 8500
2.72817 7820
2.72817 8160
2.72817 8500
2.78566 7820
2.78566 8160
2.78566 8500
2.78882 7820
2.78882 8160
2.78882 8500
2.79197 7820
2.79197 8160
2.79197 8500
2.79197 8840
2.79512 8160
2.79512 8500
2.79512 8840
2.79827 8160
2.79827 8500
2.79827 8840
2.80142 8160
2.80142 8500
2.80142 8840
2.80458 8160
2.80458 8500
2.80458 8840
2.80773 8160
2.80773 8500
2.80773 8840
2.81088 8160
2.81088 8500
2.81088 8840
2.81403 8160
2.81403 8500
2.81403 8840
2.81718 8160
2.81718 8500
2.81718 8840
2.82034 8160
2.82034 8500
2.82034 8840
2.87783 8160
2.87783 8500
2.87783 8840
2.88099 8160
2.88099 8500
2.88099 8840
2.88414 8160
2.88414 8500
2.88414 8840
2.88729 8160
2.88729 8500
2.88729 8840
2.89044 8160
2.89044 8500
2.89044 8840
2.89359 8160
2.89359 8500
2.89359 8840
2.89675 8160
2.89675 8500
2.89675 8840
2.8999 8160
2.8999 8500
2.8999 8840
2.90305 8160
2.90305 8500
2.90305 8840
2.9062 8160
2.9062 8500
2.9062 8840
2.90935 8160
2.90935 8500
2.90935 8840
2.91251 8160
2.91251 8500
2.91251 8840
2.91566 8160
2.91566 8500
2.91566 8840
2.97158 8160
2.97158 8500
2.97158 8840
2.97473 8160
2.97473 8500
2.97473 8840
2.97788 8160
2.97788 8500
2.97788 8840
2.98104 8160
2.98104 8500
2.98104 8840
2.98419 8160
2.98419 8500
2.98419 8840
2.98734 8160
2.98734 8500
2.98734 8840
2.98734 9180
2.99049 8500
2.99049 8840
2.99049 9180
2.99364 8500
2.99364 8840
2.99364 9180
2.9968 8500
2.9968 8840
2.9968 9180
2.99995 8500
2.99995 8840
2.99995 9180
3.0031 8500
3.0031 8840
3.0031 9180
3.00625 8500
3.00625 8840
3.00625 9180
3.0094 8500
3.0094 8840
3.0094 9180
3.06533 8500
3.06533 8840
3.06533 9180
3.06848 8500
3.06848 8840
3.06848 9180
3.07163 8500
3.07163 8840
3.07163 9180
3.07478 8500
3.07478 8840
3.07478 9180
3.07794 8500
3.07794 8840
3.07794 9180
3.08109 8500
3.08109 8840
3.08109 9180
3.08424 8500
3.08424 8840
3.08424 9180
3.08743 8840
3.08743 9180
3.08901 8840
3.08901 9180
3.09058 8500
3.09058 8840
3.09058 9180
3.09058 9520
3.09058 9860
3.09058 10200
3.09058 10540
3.09058 10880
3.09058 11220
3.09058 11560
3.09058 11900
3.09058 12240
3.09058 12580
3.09058 12920
3.09058 13260
3.09058 13600
3.09058 13940
3.09058 14280
3.09058 14620
3.09058 14960
3.09058 15300
3.09058 15640
3.09058 15980
3.09058 16320
3.09058 16660
3.09058 17000
3.09058 17340
3.09216 17000
3.09216 17340
3.09373 17000
3.09373 17340
3.09531 17000
3.09531 17340
3.09689 17000
3.09689 17340
3.09846 17000
3.09846 17340
3.10004 17000
3.10004 17340
3.10161 17000
3.10161 17340
3.10319 17000
3.10319 17340
3.10477 17000
3.10477 17340
3.15754 17000
3.15754 17340
3.15911 17000
3.15911 17340
3.16069 17000
3.16069 17340
3.16226 17000
3.16226 17340
3.16384 17000
3.16384 17340
3.16542 17000
3.16542 17340
3.16699 17000
3.16699 17340
3.16857 17000
3.16857 17340
3.17014 17000
3.17014 17340
3.17172 17000
3.17172 17340
3.1733 17000
3.1733 17340
3.17487 17000
3.17487 17340
3.17645 17000
3.17645 17340
3.17802 17000
3.17802 17340
3.17964 17000
3.17964 17340
3.18121 17000
3.18121 17340
3.18275 17000
3.18275 17340
3.1859 16660
3.1859 17000
3.1859 17340
3.18906 16660
3.18906 17000
3.18906 17340
3.19221 16660
3.19221 17000
3.19221 17340
3.19536 16660
3.19536 17000
3.19536 17340
3.19851 16660
3.19851 17000
3.19851 17340
3.20166 16660
3.20166 17000
3.20166 17340
3.20482 16660
3.20482 17000
3.20482 17340
3.20797 16660
3.20797 17000
3.20797 17340
3.21112 16660
3.21112 17000
3.21112 17340
3.21427 16660
3.21427 17000
3.21427 17340
3.21742 16660
3.21742 17000
3.21742 17340
3.22058 16660
3.22058 17000
3.22058 17340
3.22373 16660
3.22373 17000
3.22373 17340
3.22688 16660
3.22688 17000
3.22688 17340
3.23003 16660
3.23003 17000
3.23003 17340
3.23318 16660
3.23318 17000
3.23318 17340
3.23634 16660
3.23634 17000
3.23634 17340
3.25128 16660
3.25128 17000
3.25128 17340
3.25443 16660
3.25443 17000
3.25443 17340
3.25759 16660
3.25759 17000
3.25759 17340
3.26074 16660
3.26074 17000
3.26074 17340
3.26389 16660
3.26389 17000
3.26389 17340
3.26704 16660
3.26704 17000
3.26704 17340
3.27019 16660
3.27019 17000
3.27019 17340
3.27338 16660
3.27338 17000
3.27338 17340
3.27807 16660
3.27807 17000
3.27807 17340
3.28123 16660
3.28123 17000
3.28123 17340
3.28438 16660
3.28438 17000
3.28438 17340
3.28753 16660
3.28753 17000
3.28753 17340
3.29068 16660
3.29068 17000
3.29068 17340
3.29383 16660
3.29383 17000
3.29383 17340
3.29699 16660
3.29699 17000
3.29699 17340
3.30014 16660
3.30014 17000
3.30014 17340
3.30329 16660
3.30329 17000
3.30329 17340
3.30644 16660
3.30644 17000
3.30644 17340
3.30959 16660
3.30959 17000
3.30959 17340
3.31275 16660
3.31275 17000
3.31275 17340
3.3159 16660
3.3159 17000
3.3159 17340
3.31905 16660
3.31905 17000
3.31905 17340
3.3222 16660
3.3222 17000
3.3222 17340
3.32535 16660
3.32535 17000
3.32535 17340
3.32851 16660
3.32851 17000
3.32851 17340
3.34345 16660
3.34345 17000
3.34345 17340
3.3466 16660
3.3466 17000
3.3466 17340
3.34976 16660
3.34976 17000
3.34976 17340
3.35291 16660
3.35291 17000
3.35291 17340
3.35606 16660
3.35606 17000
3.35606 17340
3.35921 16660
3.35921 17000
3.35921 17340
3.36236 16660
3.36236 17000
3.36236 17340
3.36556 16660
3.36556 17000
3.36556 17340
3.37024 16660
3.37024 17000
3.37024 17340
3.3734 16660
3.3734 17000
3.3734 17340
3.3734 17680
3.37655 17000
3.37655 17340
3.37655 17680
3.3797 17000
3.3797 17340
3.3797 17680
3.38285 17000
3.38285 17340
3.38285 17680
3.386 17000
3.386 17340
3.386 17680
3.38916 17000
3.38916 17340
3.38916 17680
3.39231 17000
3.39231 17340
3.39231 17680
3.39546 17000
3.39546 17340
3.39546 17680
3.39861 17000
3.39861 17340
3.39861 17680
3.40176 17000
3.40176 17340
3.40176 17680
3.40492 17000
3.40492 17340
3.40492 17680
3.40807 17000
3.40807 17340
3.40807 17680
3.41122 17000
3.41122 17340
3.41122 17680
3.41441 17340
3.41441 17680
3.41599 17340
3.41599 17680
3.41756 17000
3.41756 17340
3.41756 17680
3.41756 18020
3.41914 17680
3.41914 18020
3.42072 17680
3.42072 18020
3.43566 17340
3.43566 17680
3.43566 18020
3.43724 17680
3.43724 18020
3.43881 17680
3.43881 18020
3.44039 17680
3.44039 18020
3.44197 17680
3.44197 18020
3.44354 17680
3.44354 18020
3.44512 17680
3.44512 18020
3.44669 17680
3.44669 18020
3.44827 17680
3.44827 18020
3.44985 17680
3.44985 18020
3.45142 17680
3.45142 18020
3.453 17680
3.453 18020
3.45457 17680
3.45457 18020
3.45615 17680
3.45615 18020
3.45776 17680
3.45776 18020
3.45934 17680
3.45934 18020
3.46245 17680
3.46245 18020
3.46403 17680
3.46403 18020
3.46561 17680
3.46561 18020
3.46718 17680
3.46718 18020
3.46876 17680
3.46876 18020
3.47033 17680
3.47033 18020
3.47191 17680
3.47191 18020
3.47349 17680
3.47349 18020
3.47506 17680
3.47506 18020
3.47664 17680
3.47664 18020
3.47821 17680
3.47821 18020
3.47979 17680
3.47979 18020
3.48137 17680
3.48137 18020
3.48294 17680
3.48294 18020
3.48452 17680
3.48452 18020
3.48609 17680
3.48609 18020
3.48767 17680
3.48767 18020
3.48925 17680
3.48925 18020
3.49082 17680
3.49082 18020
3.4924 17680
3.4924 18020
3.49397 17680
3.49397 18020
3.49555 17680
3.49555 18020
3.49713 17680
3.49713 18020
3.4987 17680
3.4987 18020
3.50028 17680
3.50028 18020
3.50185 17680
3.50185 18020
3.50343 17680
3.50343 18020
3.50501 17680
3.50501 18020
3.50658 17680
3.50658 18020
3.50816 17680
3.50816 18020
3.50973 17680
3.50973 18020
3.51127 17680
3.51127 18020
3.51442 17340
3.51442 17680
3.51442 18020
3.51758 17340
3.51758 17680
3.51758 18020
3.52941 17340
3.52941 17680
3.52941 18020
3.53256 17340
3.53256 17680
3.53256 18020
3.53571 17340
3.53571 17680
3.53571 18020
3.53886 17340
3.53886 17680
3.53886 18020
3.54202 17340
3.54202 17680
3.54202 18020
3.54517 17340
3.54517 17680
3.54517 18020
3.54832 17340
3.54832 17680
3.54832 18020
3.55147 17340
3.55147 17680
3.55147 18020
3.55462 17340
3.55462 17680
3.55462 18020
3.55778 17340
3.55778 17680
3.55778 18020
3.56093 17340
3.56093 17680
3.56093 18020
3.56408 17340
3.56408 17680
3.56408 18020
3.56723 17340
3.56723 17680
3.56723 18020
3.57038 17340
3.57038 17680
3.57038 18020
3.57354 17340
3.57354 17680
3.57354 18020
3.57669 17340
3.57669 17680
3.57669 18020
3.57984 17340
3.57984 17680
3.57984 18020
3.58299 17340
3.58299 17680
3.58299 18020
3.58614 17340
3.58614 17680
3.58614 18020
3.58614 18360
3.5893 17680
3.5893 18020
3.5893 18360
3.59245 17680
3.59245 18020
3.59245 18360
3.5956 17680
3.5956 18020
3.5956 18360
3.59875 17680
3.59875 18020
3.59875 18360
3.6019 17680
3.6019 18020
3.6019 18360
3.60659 17680
3.60659 18020
3.60659 18360
3.60975 17680
3.60975 18020
3.60975 18360
3.62158 17680
3.62158 18020
3.62158 18360
3.62473 17680
3.62473 18020
3.62473 18360
3.62788 17680
3.62788 18020
3.62788 18360
3.63103 17680
3.63103 18020
3.63103 18360
3.63419 17680
3.63419 18020
3.63419 18360
3.63734 17680
3.63734 18020
3.63734 18360
3.64049 17680
3.64049 18020
3.64049 18360
3.64364 17680
3.64364 18020
3.64364 18360
3.64679 17680
3.64679 18020
3.64679 18360
3.64995 17680
3.64995 18020
3.64995 18360
3.6531 17680
3.6531 18020
3.6531 18360
3.65625 17680
3.65625 18020
3.65625 18360
3.6594 17680
3.6594 18020
3.6594 18360
3.66255 17680
3.66255 18020
3.66255 18360
3.66571 17680
3.66571 18020
3.66571 18360
3.66886 17680
3.66886 18020
3.66886 18360
3.67201 17680
3.67201 18020
3.67201 18360
3.67516 17680
3.67516 18020
3.67516 18360
3.67831 17680
3.67831 18020
3.67831 18360
3.68147 17680
3.68147 18020
3.68147 18360
3.68462 17680
3.68462 18020
3.68462 18360
3.68777 17680
3.68777 18020
3.68777 18360
3.69092 17680
3.69092 18020
3.69092 18360
3.69407 17680
3.69407 18020
3.69407 18360
3.69723 17680
3.69723 18020
3.69723 18360
3.70038 17680
3.70038 18020
3.70038 18360
3.70353 17680
3.70353 18020
3.70353 18360
3.71532 17680
3.71532 18020
3.71532 18360
3.71848 17680
3.71848 18020
3.71848 18360
3.72163 17680
3.72163 18020
3.72163 18360
3.72478 17680
3.72478 18020
3.72478 18360
3.72793 17680
3.72793 18020
3.72793 18360
3.73108 17680
3.73108 18020
3.73108 18360
3.73424 17680
3.73424 18020
3.73424 18360
3.73739 17680
3.73739 18020
3.73739 18360
3.74054 17680
3.74054 18020
3.74054 18360
3.74369 17680
3.74369 18020
3.74369 18360
3.74684 17680
3.74684 18020
3.74684 18360
3.75 17680
3.75 18020
3.75 18360
3.75315 17680
3.75315 18020
3.75315 18360
3.7563 17680
3.7563 18020
3.7563 18360
3.75945 17680
3.75945 18020
3.75945 18360
3.7626 17680
3.7626 18020
3.7626 18360
3.76576 17680
3.76576 18020
3.76576 18360
3.76891 17680
3.76891 18020
3.76891 18360
3.77206 17680
3.77206 18020
3.77206 18360
3.77521 17680
3.77521 18020
3.77521 18360
3.77836 17680
3.77836 18020
3.77836 18360
3.78152 17680
3.78152 18020
3.78152 18360
3.78467 17680
3.78467 18020
3.78467 18360
3.78467 18700
3.78782 18020
3.78782 18360
3.78782 18700
3.79097 18020
3.79097 18360
3.79097 18700
3.79412 18020
3.79412 18360
3.79412 18700
3.79728 18020
3.79728 18360
3.79728 18700
3.80907 18020
3.80907 18360
3.80907 18700
3.81222 18020
3.81222 18360
3.81222 18700
3.81538 18020
3.81538 18360
3.81538 18700
3.81853 18020
3.81853 18360
3.81853 18700
3.82168 18020
3.82168 18360
3.82168 18700
3.82483 18020
3.82483 18360
3.82483 18700
3.82798 18020
3.82798 18360
3.82798 18700
3.83114 18020
3.83114 18360
3.83114 18700
3.83429 18020
3.83429 18360
3.83429 18700
3.83744 18020
3.83744 18360
3.83744 18700
3.84059 18020
3.84059 18360
3.84059 18700
3.84374 18020
3.84374 18360
3.84374 18700
3.8469 18020
3.8469 18360
3.8469 18700
3.85005 18020
3.85005 18360
3.85005 18700
3.8532 18020
3.8532 18360
3.8532 18700
3.85635 18020
3.85635 18360
3.85635 18700
3.8595 18020
3.8595 18360
3.8595 18700
3.86266 18020
3.86266 18360
3.86266 18700
3.86581 18020
3.86581 18360
3.86581 18700
3.86896 18020
3.86896 18360
3.86896 18700
3.87211 18020
3.87211 18360
3.87211 18700
3.87526 18020
3.87526 18360
3.87526 18700
3.87842 18020
3.87842 18360
3.87842 18700
3.88472 17340
3.88472 17680
3.88472 18020
3.88472 18360
3.88472 18700
3.88787 18020
3.88787 18360
3.88787 18700
3.89102 18020
3.89102 18360
3.89102 18700
3.90124 18020
3.90124 18360
3.90124 18700
3.90439 18020
3.90439 18360
3.90439 18700
3.90755 18020
3.90755 18360
3.90755 18700
3.9107 18020
3.9107 18360
3.9107 18700
3.91385 18020
3.91385 18360
3.91385 18700
3.917 18020
3.917 18360
3.917 18700
3.92015 18020
3.92015 18360
3.92015 18700
3.92331 18020
3.92331 18360
3.92331 18700
3.92646 18020
3.92646 18360
3.92646 18700
3.92961 18020
3.92961 18360
3.92961 18700
3.93276 18020
3.93276 18360
3.93276 18700
3.93591 18020
3.93591 18360
3.93591 18700
3.93907 18020
3.93907 18360
3.93907 18700
3.94222 18020
3.94222 18360
3.94222 18700
3.94537 18020
3.94537 18360
3.94537 18700
3.94852 18020
3.94852 18360
3.94852 18700
3.95167 18020
3.95167 18360
3.95167 18700
3.95483 18020
3.95483 18360
3.95483 18700
3.95798 18020
3.95798 18360
3.95798 18700
3.96113 18020
3.96113 18360
3.96113 18700
3.96428 18020
3.96428 18360
3.96428 18700
3.96743 18020
3.96743 18360
3.96743 18700
3.97059 18020
3.97059 18360
3.97059 18700
3.97689 18020
3.97689 18360
3.97689 18700
3.98004 18020
3.98004 18360
3.98004 18700
3.98319 18020
3.98319 18360
3.98319 18700
3.98319 19040
3.98635 18360
3.98635 18700
3.98635 19040
3.99345 18700
3.99345 19040
3.99503 18700
3.99503 19040
3.9966 18360
3.9966 18700
3.99818 18360
3.99975 18020
4.00133 17680
4.00291 17340
4.00448 17000
4.00606 16660
4.00606 17000
4.00763 16660
4.00763 17000
4.00921 16660
4.00921 17000
4.01079 16660
4.01079 17000
4.01236 16660
4.01236 17000
4.01394 16660
4.01394 17000
4.01551 16660
4.01551 17000
4.01709 16660
4.01709 17000
4.01867 16660
4.01867 17000
4.02024 16660
4.02024 17000
4.02182 16660
4.02182 17000
4.02339 16660
4.02339 17000
4.02497 16660
4.02497 17000
4.02655 16660
4.02655 17000
4.02812 16660
4.02812 17000
4.0297 16660
4.0297 17000
4.03127 16660
4.03127 17000
4.03285 16660
4.03285 17000
4.03443 16660
4.03443 17000
4.036 16660
4.036 17000
4.03758 16660
4.03758 17000
4.03915 16660
4.03915 17000
4.04073 16660
4.04073 17000
4.04231 16660
4.04231 17000
4.04388 16660
4.04388 17000
4.04546 16660
4.04546 17000
4.04703 16660
4.04703 17000
4.04861 16660
4.04861 17000
4.05019 16660
4.05019 17000
4.05176 16660
4.05176 17000
4.05334 16660
4.05334 17000
4.05491 16660
4.05491 17000
4.05649 16660
4.05649 17000
4.05807 16660
4.05807 17000
4.05964 16660
4.05964 17000
4.06122 16660
4.06122 17000
4.06279 16660
4.06279 17000
4.06437 16660
4.06437 17000
4.0691 16660
4.0691 17000
4.07067 16660
4.07067 17000
4.07225 16660
4.07225 17000
4.07383 16660
4.07383 17000
4.0754 16660
4.0754 17000
4.07855 16320
4.07855 16660
4.07855 17000
4.08013 16660
4.08013 17000
4.08171 16660
4.08171 17000
4.08566 16660
4.08566 17000
4.08724 16660
4.08724 17000
4.08877 16660
4.08877 17000
4.0998 16320
4.0998 16660
4.0998 17000
4.10296 16320
4.10296 16660
4.10296 17000
4.10611 16320
4.10611 16660
4.10611 17000
4.10926 16320
4.10926 16660
4.10926 17000
4.11241 16320
4.11241 16660
4.11241 17000
4.11556 16320
4.11556 16660
4.11556 17000
4.11872 16320
4.11872 16660
4.11872 17000
4.11872 17340
4.12187 16660
4.12187 17000
4.12187 17340
4.12502 16660
4.12502 17000
4.12502 17340
4.12817 16660
4.12817 17000
4.12817 17340
4.13132 16660
4.13132 17000
4.13132 17340
4.13448 16660
4.13448 17000
4.13448 17340
4.13763 16660
4.13763 17000
4.13763 17340
4.14078 16660
4.14078 17000
4.14078 17340
4.14393 16660
4.14393 17000
4.14393 17340
4.14708 16660
4.14708 17000
4.14708 17340
4.15024 16660
4.15024 17000
4.15024 17340
4.15339 16660
4.15339 17000
4.15339 17340
4.15654 16660
4.15654 17000
4.15654 17340
4.16284 16660
4.16284 17000
4.16284 17340
4.166 16660
4.166 17000
4.166 17340
4.17072 16660
4.17072 17000
4.17072 17340
4.17388 16660
4.17388 17000
4.17388 17340
4.17783 16660
4.17783 17000
4.17783 17340
4.18098 16660
4.18098 17000
4.18098 17340
4.19355 16660
4.19355 17000
4.19355 17340
4.1967 16660
4.1967 17000
4.1967 17340
4.19986 16660
4.19986 17000
4.19986 17340
4.20301 16660
4.20301 17000
4.20301 17340
4.20616 16660
4.20616 17000
4.20616 17340
4.20931 16660
4.20931 17000
4.20931 17340
4.21246 16660
4.21246 17000
4.21246 17340
4.21562 16660
4.21562 17000
4.21562 17340
4.21877 16660
4.21877 17000
4.21877 17340
4.22192 16660
4.22192 17000
4.22192 17340
4.22507 16660
4.22507 17000
4.22507 17340
4.22822 16660
4.22822 17000
4.22822 17340
4.23138 16660
4.23138 17000
4.23138 17340
4.23453 16660
4.23453 17000
4.23453 17340
4.23768 16660
4.23768 17000
4.23768 17340
4.24083 16660
4.24083 17000
4.24083 17340
4.24398 16660
4.24398 17000
4.24398 17340
4.24714 16660
4.24714 17000
4.24714 17340
4.25029 16660
4.25029 17000
4.25029 17340
4.25502 16660
4.25502 17000
4.25502 17340
4.25817 16660
4.25817 17000
4.25817 17340
4.2629 16660
4.2629 17000
4.2629 17340
4.26605 16660
4.26605 17000
4.26605 17340
4.27 16660
4.27 17000
4.27 17340
4.27315 16660
4.27315 17000
4.27315 17340
4.28572 16660
4.28572 17000
4.28572 17340
4.28887 16660
4.28887 17000
4.28887 17340
4.29203 16660
4.29203 17000
4.29203 17340
4.29518 16660
4.29518 17000
4.29518 17340
4.29833 16660
4.29833 17000
4.29833 17340
4.30148 16660
4.30148 17000
4.30148 17340
4.30463 16660
4.30463 17000
4.30463 17340
4.30779 16660
4.30779 17000
4.30779 17340
4.31094 16660
4.31094 17000
4.31094 17340
4.31409 16660
4.31409 17000
4.31409 17340
4.31724 16660
4.31724 17000
4.31724 17340
4.32039 16660
4.32039 17000
4.32039 17340
4.32355 16660
4.32355 17000
4.32355 17340
4.32355 17680
4.3267 17000
4.3267 17340
4.3267 17680
4.32985 17000
4.32985 17340
4.32985 17680
4.333 17000
4.333 17340
4.333 17680
4.33615 17000
4.33615 17340
4.33615 17680
4.33931 17000
4.33931 17340
4.33931 17680
4.34246 17000
4.34246 17340
4.34246 17680
4.34719 17000
4.34719 17340
4.34719 17680
4.35034 17000
4.35034 17340
4.35034 17680
4.35507 17000
4.35507 17340
4.35507 17680
4.35822 17000
4.35822 17340
4.35822 17680
4.36217 17000
4.36217 17340
4.36217 17680
4.36532 17000
4.36532 17340
4.36532 17680
4.37789 17000
4.37789 17340
4.37789 17680
4.38104 17000
4.38104 17340
4.38104 17680
4.3842 17000
4.3842 17340
4.3842 17680
4.38735 17000
4.38735 17340
4.38735 17680
4.3905 17000
4.3905 17340
4.3905 17680
4.39365 17000
4.39365 17340
4.39365 17680
4.3968 17000
4.3968 17340
4.3968 17680
4.39996 17000
4.39996 17340
4.39996 17680
4.40311 17000
4.40311 17340
4.40311 17680
4.40626 17000
4.40626 17340
4.40626 17680
4.40941 17000
4.40941 17340
4.40941 17680
4.41256 17000
4.41256 17340
4.41256 17680
4.41572 17000
4.41572 17340
4.41572 17680
4.41887 17000
4.41887 17340
4.41887 17680
4.42202 17000
4.42202 17340
4.42202 17680
4.42517 17000
4.42517 17340
4.42517 17680
4.42832 17000
4.42832 17340
4.42832 17680
4.43148 17000
4.43148 17340
4.43148 17680
4.43463 17000
4.43463 17340
4.43463 17680
4.43778 17000
4.43778 17340
4.43778 17680
4.44093 17000
4.44093 17340
4.44093 17680
4.44408 17000
4.44408 17340
4.44408 17680
4.44881 17000
4.44881 17340
4.44881 17680
4.45196 17000
4.45196 17340
4.45196 17680
4.45592 17000
4.45592 17340
4.45592 17680
4.45907 17000
4.45907 17340
4.45907 17680
4.47164 17000
4.47164 17340
4.47164 17680
4.47479 17000
4.47479 17340
4.47479 17680
4.47794 17000
4.47794 17340
4.47794 17680
4.48109 17000
4.48109 17340
4.48109 17680
4.48425 17000
4.48425 17340
4.48425 17680
4.4874 17000
4.4874 17340
4.4874 17680
4.49055 17000
4.49055 17340
4.49055 17680
4.4937 17000
4.4937 17340
4.4937 17680
4.49685 17000
4.49685 17340
4.49685 17680
4.50001 17000
4.50001 17340
4.50001 17680
4.50316 17000
4.50316 17340
4.50316 17680
4.50631 17000
4.50631 17340
4.50631 17680
4.50946 17000
4.50946 17340
4.50946 17680
4.51261 17000
4.51261 17340
4.51261 17680
4.51577 17000
4.51577 17340
4.51577 17680
4.51892 17000
4.51892 17340
4.51892 17680
4.52207 17000
4.52207 17340
4.52207 17680
4.52522 17000
4.52522 17340
4.52522 17680
4.52837 17000
4.52837 17340
4.52837 17680
4.52837 18020
4.53153 17340
4.53153 17680
4.53153 18020
4.53468 17340
4.53468 17680
4.53468 18020
4.53783 17340
4.53783 17680
4.53783 18020
4.54256 17340
4.54256 17680
4.54256 18020
4.54571 17340
4.54571 17680
4.54571 18020
4.54966 17340
4.54966 17680
4.54966 18020
4.55282 17340
4.55282 17680
4.55282 18020
4.567 17340
4.567 17680
4.567 18020
4.56858 17680
4.56858 18020
4.57015 17340
4.57015 17680
4.57173 17340
4.5733 17000
4.57488 16660
4.57646 16320
4.57646 16660
4.57803 16320
4.57803 16660
4.57961 16320
4.57961 16660
4.58118 16320
4.58118 16660
4.58276 16320
4.58276 16660
4.58434 16320
4.58434 16660
4.58591 16320
4.58591 16660
4.58749 16320
4.58749 16660
4.58906 16320
4.58906 16660
4.59064 16320
4.59064 16660
4.59222 16320
4.59222 16660
4.59379 16320
4.59379 16660
4.59537 16320
4.59537 16660
4.59694 16320
4.59694 16660
4.59852 16320
4.59852 16660
4.6001 16320
4.6001 16660
4.60167 16320
4.60167 16660
4.60325 16320
4.60325 16660
4.60482 16320
4.60482 16660
4.6064 16320
4.6064 16660
4.60798 16320
4.60798 16660
4.60955 16320
4.60955 16660
4.61113 16320
4.61113 16660
4.6127 16320
4.6127 16660
4.61428 16320
4.61428 16660
4.61586 16320
4.61586 16660
4.61743 16320
4.61743 16660
4.61901 16320
4.61901 16660
4.62058 16320
4.62058 16660
4.62216 16320
4.62216 16660
4.62374 16320
4.62374 16660
4.62531 16320
4.62531 16660
4.62689 16320
4.62689 16660
4.62846 16320
4.62846 16660
4.63004 16320
4.63004 16660
4.63162 16320
4.63162 16660
4.63319 16320
4.63319 16660
4.63477 16320
4.63477 16660
4.63634 16320
4.63634 16660
4.63792 16320
4.63792 16660
4.6395 16320
4.6395 16660
4.64187 16320
4.64187 16660
4.64345 16320
4.64345 16660
4.64502 16320
4.64502 16660
4.6466 16320
4.6466 16660
4.65921 16320
4.65921 16660
4.66078 16320
4.66078 16660
4.66236 16320
4.66236 16660
4.6639 16320
4.6639 16660
4.6702 15980
4.6702 16320
4.6702 16660
4.67335 15980
4.67335 16320
4.67335 16660
4.67651 15980
4.67651 16320
4.67651 16660
4.67966 15980
4.67966 16320
4.67966 16660
4.68281 15980
4.68281 16320
4.68281 16660
4.68596 15980
4.68596 16320
4.68596 16660
4.68911 15980
4.68911 16320
4.68911 16660
4.69227 15980
4.69227 16320
4.69227 16660
4.69542 15980
4.69542 16320
4.69542 16660
4.69857 15980
4.69857 16320
4.69857 16660
4.70172 15980
4.70172 16320
4.70172 16660
4.70487 15980
4.70487 16320
4.70487 16660
4.70487 17000
4.70803 16320
4.70803 16660
4.70803 17000
4.71118 16320
4.71118 16660
4.71118 17000
4.71433 16320
4.71433 16660
4.71433 17000
4.71748 16320
4.71748 16660
4.71748 17000
4.72063 16320
4.72063 16660
4.72063 17000
4.72379 16320
4.72379 16660
4.72379 17000
4.72694 16320
4.72694 16660
4.72694 17000
4.73009 16320
4.73009 16660
4.73009 17000
4.73404 16320
4.73404 16660
4.73404 17000
4.73719 16320
4.73719 16660
4.73719 17000
4.75138 16320
4.75138 16660
4.75138 17000
4.75453 16320
4.75453 16660
4.75453 17000
4.76237 16320
4.76237 16660
4.76237 17000
4.76552 16320
4.76552 16660
4.76552 17000
4.76868 16320
4.76868 16660
4.76868 17000
4.77344 16320
4.77344 16660
4.77344 17000
4.77502 16660
4.77502 17000
4.77659 16320
4.77659 16660
4.77659 17000
4.77659 17340
4.77659 17680
4.77659 18020
4.77659 18360
4.77659 18700
4.77659 19040
4.77659 19380
4.77659 19720
4.77659 20060
4.77659 20400
4.77659 20740
4.77659 21080
4.77659 21420
4.77817 21080
4.77817 21420
4.77975 21080
4.77975 21420
4.78132 21080
4.78132 21420
4.7829 21080
4.7829 21420
4.78447 21080
4.78447 21420
4.78605 21080
4.78605 21420
4.78763 21080
4.78763 21420
4.7892 21080
4.7892 21420
4.79078 21080
4.79078 21420
4.79235 21080
4.79235 21420
4.79393 21080
4.79393 21420
4.79551 21080
4.79551 21420
4.79708 21080
4.79708 21420
4.79866 21080
4.79866 21420
4.80023 21080
4.80023 21420
4.80181 21080
4.80181 21420
4.80339 21080
4.80339 21420
4.80496 21080
4.80496 21420
4.80654 21080
4.80654 21420
4.80811 21080
4.80811 21420
4.80969 21080
4.80969 21420
4.81127 21080
4.81127 21420
4.81284 21080
4.81284 21420
4.81442 21080
4.81442 21420
4.81599 21080
4.81599 21420
4.81757 21080
4.81757 21420
4.81915 21080
4.81915 21420
4.82072 21080
4.82072 21420
4.8223 21080
4.8223 21420
4.82387 21080
4.82387 21420
4.82545 21080
4.82545 21420
4.82703 21080
4.82703 21420
4.8286 21080
4.8286 21420
4.83018 21080
4.83018 21420
4.83175 21080
4.83175 21420
4.84359 21080
4.84359 21420
4.84516 21080
4.84516 21420
4.84674 21080
4.84674 21420
4.84832 21080
4.84832 21420
4.85458 21080
4.85458 21420
4.85616 21080
4.85616 21420
4.85773 21080
4.85773 21420
4.85931 21080
4.85931 21420
4.86088 21080
4.86088 21420
4.86246 21080
4.86246 21420
4.86565 21080
4.86565 21420
4.86723 21080
4.86723 21420
4.8688 21080
4.8688 21420
4.87034 21080
4.87034 21420
4.87349 20740
4.87349 21080
4.87349 21420
4.87664 20740
4.87664 21080
4.87664 21420
4.8798 20740
4.8798 21080
4.8798 21420
4.88295 20740
4.88295 21080
4.88295 21420
4.8861 20740
4.8861 21080
4.8861 21420
4.88925 20740
4.88925 21080
4.88925 21420
4.8924 20740
4.8924 21080
4.8924 21420
4.89556 20740
4.89556 21080
4.89556 21420
4.89871 20740
4.89871 21080
4.89871 21420
4.90186 20740
4.90186 21080
4.90186 21420
4.90501 20740
4.90501 21080
4.90501 21420
4.90816 20740
4.90816 21080
4.90816 21420
4.91132 20740
4.91132 21080
4.91132 21420
4.91447 20740
4.91447 21080
4.91447 21420
4.91762 20740
4.91762 21080
4.91762 21420
4.92077 20740
4.92077 21080
4.92077 21420
4.92392 20740
4.92392 21080
4.92392 21420
4.92869 20740
4.92869 21080
4.92869 21420
4.93027 21080
4.93027 21420
4.93184 20740
4.93184 21080
4.93184 21420
4.93184 21760
4.93184 22100
4.93184 22440
4.93184 22780
4.93184 23120
4.93184 23460
4.93184 23800
4.93184 24140
4.93184 24480
4.93184 24820
4.93184 25160
4.93184 25500
4.93184 25840
4.93184 26180
4.93184 26520
4.93184 26860
4.93184 27200
4.93184 27540
4.93184 27880
4.93184 28220
4.93184 28560
4.93184 28900
4.93184 29240
4.93184 29580
4.93184 29920
4.93184 30260
4.93184 30600
4.93184 30940
4.93184 31280
4.93184 31620
4.93184 31960
4.93184 32300
4.93342 31960
4.93342 32300
4.935 31960
4.935 32300
4.93657 31960
4.93657 32300
4.93815 31960
4.93815 32300
4.93972 31960
4.93972 32300
4.9413 31960
4.9413 32300
4.94288 31960
4.94288 32300
4.94445 31960
4.94445 32300
4.94603 31960
4.94603 32300
4.9476 31960
4.9476 32300
4.94918 31960
4.94918 32300
4.95076 31960
4.95076 32300
4.95233 31960
4.95233 32300
4.95391 31960
4.95391 32300
4.95548 31960
4.95548 32300
4.95706 31960
4.95706 32300
4.95864 31960
4.95864 32300
4.96021 31960
4.96021 32300
4.96179 31960
4.96179 32300
4.96336 31960
4.96336 32300
4.96494 31960
4.96494 32300
4.96652 31960
4.96652 32300
4.96809 31960
4.96809 32300
4.96967 31960
4.96967 32300
4.97124 31960
4.97124 32300
4.97282 31960
4.97282 32300
4.9744 31960
4.9744 32300
4.97597 31960
4.97597 32300
4.97755 31960
4.97755 32300
4.97912 31960
4.97912 32300
4.9807 31960
4.9807 32300
4.98228 31960
4.98228 32300
4.98385 31960
4.98385 32300
4.98543 31960
4.98543 32300
4.987 31960
4.987 32300
4.98858 31960
4.98858 32300
4.99016 31960
4.99016 32300
4.99173 31960
4.99173 32300
4.99492 31960
4.99492 32300
4.9965 31960
4.9965 32300
4.99807 31620
4.99807 31960
4.99807 32300
4.99965 31960
4.99965 32300
5.00123 31960
5.00123 32300
5.0028 31960
5.0028 32300
5.00438 31960
5.00438 32300
5.00595 31960
5.00595 32300
5.00753 31960
5.00753 32300
5.00911 31960
5.00911 32300
5.01068 31960
5.01068 32300
5.01226 31960
5.01226 32300
5.01383 31960
5.01383 32300
5.01541 31960
5.01541 32300
5.01699 31960
5.01699 32300
5.01856 31960
5.01856 32300
5.02014 31960
5.02014 32300
5.02171 31960
5.02171 32300
5.02329 31960
5.02329 32300
5.02487 31960
5.02487 32300
5.02644 31960
5.02644 32300
5.02802 31960
5.02802 32300
5.02956 31960
5.02956 32300
5.03113 31960
5.03113 32300
5.03271 31960
5.03271 32300
5.03428 31960
5.03428 32300
5.03586 31960
5.03586 32300
5.03744 31960
5.03744 32300
5.03901 31960
5.03901 32300
5.04059 31960
5.04059 32300
5.04216 31960
5.04216 32300
5.04374 31960
5.04374 32300
5.04532 31960
5.04532 32300
5.04689 31960
5.04689 32300
5.04847 31960
5.04847 32300
5.05004 31960
5.05004 32300
5.05162 31960
5.05162 32300
5.0532 31960
5.0532 32300
5.05477 31960
5.05477 32300
5.05635 31960
5.05635 32300
5.05792 31960
5.05792 32300
5.0595 31960
5.0595 32300
5.06108 31960
5.06108 32300
5.06265 31960
5.06265 32300
5.06423 31960
5.06423 32300
5.0658 31960
5.0658 32300
5.06738 31960
5.06738 32300
5.06896 31960
5.06896 32300
5.07053 31960
5.07053 32300
5.07211 31960
5.07211 32300
5.07368 31960
5.07368 32300
5.07526 31960
5.07526 32300
5.07684 31960
5.07684 32300
5.07841 31960
5.07841 32300
5.07999 31960
5.07999 32300
5.08156 31960
5.08156 32300
5.08314 31960
5.08314 32300
5.08472 31960
5.08472 32300
5.08629 31960
5.08629 32300
5.08787 31960
5.08787 32300
5.08944 31960
5.08944 32300
5.09102 31960
5.09102 32300
5.0926 31960
5.0926 32300
5.09417 31960
5.09417 32300
5.09575 31960
5.09575 32300
5.09732 31960
5.09732 32300
5.0989 31960
5.0989 32300
5.10048 31960
5.10048 32300
5.10205 31960
5.10205 32300
5.10363 31960
5.10363 32300
5.1052 31960
5.1052 32300
5.10678 31960
5.10678 32300
5.10836 31960
5.10836 32300
5.10993 31960
5.10993 32300
5.11151 31960
5.11151 32300
5.11466 31620
5.11466 31960
5.11466 32300
5.11624 31960
5.11624 32300
5.11781 31960
5.11781 32300
5.11939 31960
5.11939 32300
5.12096 31960
5.12096 32300
5.12254 31960
5.12254 32300
5.12412 31960
5.12412 32300
5.12569 31960
5.12569 32300
5.12727 31960
5.12727 32300
5.12884 31960
5.12884 32300
5.13042 31960
5.13042 32300
5.132 31960
5.132 32300
5.13357 31960
5.13357 32300
5.13515 31960
5.13515 32300
5.13672 31960
5.13672 32300
5.1383 31960
5.1383 32300
5.13988 31960
5.13988 32300
5.14145 31960
5.14145 32300
5.14303 31960
5.14303 32300
5.1446 31960
5.1446 32300
5.14614 31960
5.14614 32300
5.14929 31620
5.14929 31960
5.14929 32300
5.15244 31620
5.15244 31960
5.15244 32300
5.1556 31620
5.1556 31960
5.1556 32300
5.15875 31620
5.15875 31960
5.15875 32300
5.1619 31620
5.1619 31960
5.1619 32300
5.16505 31620
5.16505 31960
5.16505 32300
5.1682 31620
5.1682 31960
5.1682 32300
5.17136 31620
5.17136 31960
5.17136 32300
5.17451 31620
5.17451 31960
5.17451 32300
5.17766 31620
5.17766 31960
5.17766 32300
5.18081 31620
5.18081 31960
5.18081 32300
5.18396 31620
5.18396 31960
5.18396 32300
5.18712 31620
5.18712 31960
5.18712 32300
5.19027 31620
5.19027 31960
5.19027 32300
5.19342 31620
5.19342 31960
5.19342 32300
5.19657 31620
5.19657 31960
5.19657 32300
5.19972 31620
5.19972 31960
5.19972 32300
5.20288 31620
5.20288 31960
5.20288 32300
5.20603 31620
5.20603 31960
5.20603 32300
5.20918 31620
5.20918 31960
5.20918 32300
5.21233 31620
5.21233 31960
5.21233 32300
5.21548 31620
5.21548 31960
5.21548 32300
5.21864 31620
5.21864 31960
5.21864 32300
5.22179 31620
5.22179 31960
5.22179 32300
5.22494 31620
5.22494 31960
5.22494 32300
5.22809 31620
5.22809 31960
5.22809 32300
5.23124 31620
5.23124 31960
5.23124 32300
5.2344 31620
5.2344 31960
5.2344 32300
5.23755 31620
5.23755 31960
5.23755 32300
5.2407 31620
5.2407 31960
5.2407 32300
5.24385 31620
5.24385 31960
5.24385 32300
5.247 31620
5.247 31960
5.247 32300
5.25016 31620
5.25016 31960
5.25016 32300
5.25331 31620
5.25331 31960
5.25331 32300
5.25646 31620
5.25646 31960
5.25646 32300
5.25961 31620
5.25961 31960
5.25961 32300
5.26276 31620
5.26276 31960
5.26276 32300
5.26592 31620
5.26592 31960
5.26592 32300
5.26907 31620
5.26907 31960
5.26907 32300
5.27222 31620
5.27222 31960
5.27222 32300
5.27537 31620
5.27537 31960
5.27537 32300
5.27852 31620
5.27852 31960
5.27852 32300
5.28168 31620
5.28168 31960
5.28168 32300
5.28483 31620
5.28483 31960
5.28483 32300
5.28798 31620
5.28798 31960
5.28798 32300
5.29113 31620
5.29113 31960
5.29113 32300
5.29428 31620
5.29428 31960
5.29428 32300
5.29744 31620
5.29744 31960
5.29744 32300
5.30059 31620
5.30059 31960
5.30059 32300
5.30374 31620
5.30374 31960
5.30374 32300
5.30689 31620
5.30689 31960
5.30689 32300
5.31004 31620
5.31004 31960
5.31004 32300
5.3132 31620
5.3132 31960
5.3132 32300
5.31635 31620
5.31635 31960
5.31635 32300
5.3195 31620
5.3195 31960
5.3195 32300
5.32265 31620
5.32265 31960
5.32265 32300
5.3258 31620
5.3258 31960
5.3258 32300
5.32896 31620
5.32896 31960
5.32896 32300
5.33211 31620
5.33211 31960
5.33211 32300
5.33526 31620
5.33526 31960
5.33526 32300
5.33841 31620
5.33841 31960
5.33841 32300
5.34156 31620
5.34156 31960
5.34156 32300
5.34472 31620
5.34472 31960
5.34472 32300
5.34787 31620
5.34787 31960
5.34787 32300
5.35102 31620
5.35102 31960
5.35102 32300
5.35417 31620
5.35417 31960
5.35417 32300
5.35732 31620
5.35732 31960
5.35732 32300
5.36048 31620
5.36048 31960
5.36048 32300
5.36363 31620
5.36363 31960
5.36363 32300
5.36678 31620
5.36678 31960
5.36678 32300
5.37308 30940
5.37308 31280
5.37308 31620
5.37308 31960
5.37308 32300
5.37624 31620
5.37624 31960
5.37624 32300
5.37939 31620
5.37939 31960
5.37939 32300
5.37939 32640
5.38254 31960
5.38254 32300
5.38254 32640
5.38569 31960
5.38569 32300
5.38569 32640
5.38884 31960
5.38884 32300
5.38884 32640
5.392 31960
5.392 32300
5.392 32640
5.39515 31960
5.39515 32300
5.39515 32640
5.3983 31960
5.3983 32300
5.3983 32640
5.40145 31960
5.40145 32300
5.40145 32640
5.4046 31960
5.4046 32300
5.4046 32640
5.40776 31960
5.40776 32300
5.40776 32640
5.41091 31960
5.41091 32300
5.41091 32640
5.41406 31960
5.41406 32300
5.41406 32640
5.41721 31960
5.41721 32300
5.41721 32640
5.42036 31960
5.42036 32300
5.42036 32640
5.42352 31960
5.42352 32300
5.42352 32640
5.42667 31960
5.42667 32300
5.42667 32640
5.42982 31960
5.42982 32300
5.42982 32640
5.43297 31960
5.43297 32300
5.43297 32640
5.43612 31960
5.43612 32300
5.43612 32640
5.43928 31960
5.43928 32300
5.43928 32640
5.44243 31960
5.44243 32300
5.44243 32640
5.44558 31960
5.44558 32300
5.44558 32640
5.44873 31960
5.44873 32300
5.44873 32640
5.45188 31960
5.45188 32300
5.45188 32640
5.45504 31960
5.45504 32300
5.45504 32640
5.45819 31960
5.45819 32300
5.45819 32640
5.46134 31960
5.46134 32300
5.46134 32640
5.46449 31960
5.46449 32300
5.46449 32640
5.46764 31960
5.46764 32300
5.46764 32640
5.4708 31960
5.4708 32300
5.4708 32640
5.47395 31960
5.47395 32300
5.47395 32640
5.4771 31960
5.4771 32300
5.4771 32640
5.48025 31960
5.48025 32300
5.48025 32640
5.4834 31960
5.4834 32300
5.4834 32640
5.48656 31960
5.48656 32300
5.48656 32640
5.48971 31960
5.48971 32300
5.48971 32640
5.49286 31960
5.49286 32300
5.49286 32640
5.49601 31960
5.49601 32300
5.49601 32640
5.49916 31960
5.49916 32300
5.49916 32640
5.50232 31960
5.50232 32300
5.50232 32640
5.50547 31960
5.50547 32300
5.50547 32640
5.50862 31960
5.50862 32300
5.50862 32640
5.51177 31960
5.51177 32300
5.51177 32640
5.51492 31960
5.51492 32300
5.51492 32640
5.51808 31960
5.51808 32300
5.51808 32640
5.52123 31960
5.52123 32300
5.52123 32640
5.52438 31960
5.52438 32300
5.52438 32640
5.52753 31960
5.52753 32300
5.52753 32640
5.53068 31960
5.53068 32300
5.53068 32640
5.53384 31960
5.53384 32300
5.53384 32640
5.53699 31960
5.53699 32300
5.53699 32640
5.54014 31960
5.54014 32300
5.54014 32640
5.54329 31960
5.54329 32300
5.54329 32640
5.54644 31960
5.54644 32300
5.54644 32640
5.5496 31960
5.5496 32300
5.5496 32640
5.55275 31960
5.55275 32300
5.55275 32640
5.5559 31960
5.5559 32300
5.5559 32640
5.55905 31960
5.55905 32300
5.55905 32640
5.5622 31960
5.5622 32300
5.5622 32640
5.56536 31960
5.56536 32300
5.56536 32640
5.56851 31960
5.56851 32300
5.56851 32640
5.57166 31960
5.57166 32300
5.57166 32640
5.57481 31960
5.57481 32300
5.57481 32640
5.57796 31960
5.57796 32300
5.57796 32640
5.58112 31960
5.58112 32300
5.58112 32640
5.58427 31960
5.58427 32300
5.58427 32640
5.58742 31960
5.58742 32300
5.58742 32640
5.59057 31960
5.59057 32300
5.59057 32640
5.59372 31960
5.59372 32300
5.59372 32640
5.59688 31960
5.59688 32300
5.59688 32640
5.60003 31960
5.60003 32300
5.60003 32640
5.60318 31960
5.60318 32300
5.60318 32640
5.60633 31960
5.60633 32300
5.60633 32640
5.60948 31960
5.60948 32300
5.60948 32640
5.61264 31960
5.61264 32300
5.61264 32640
5.61579 31960
5.61579 32300
5.61579 32640
5.61894 31960
5.61894 32300
5.61894 32640
5.62209 31960
5.62209 32300
5.62209 32640
5.62524 31960
5.62524 32300
5.62524 32640
5.6284 31960
5.6284 32300
5.6284 32640
5.63316 31960
5.63316 32300
5.63316 32640
5.63474 32300
5.63474 32640
5.63632 31960
5.63632 32300
5.63789 31960
5.63947 31620
5.64104 31280
5.64262 30940
5.6442 30600
5.64577 30260
5.64735 29920
5.64892 29580
5.6505 29240
5.65208 28900
5.65365 28560
5.65523 28220
5.6568 27880
5.65838 27540
5.65996 27200
5.66153 26860
5.66311 26520
5.66468 26180
5.66626 25840
5.66784 25500
5.66941 25160
5.67099 24820
5.67256 24480
5.67414 24140
5.67572 23800
5.67729 23460
5.67887 23120
5.68044 22780
5.68202 22440
5.6836 22100
5.68517 21760
5.68675 21420
5.68832 21080
5.6899 20740
5.69148 20400
5.69305 20060
5.69463 19720
5.6962 19380
5.69778 19040
5.69936 18700
5.70093 18360
5.70251 18020
5.70408 17680
5.70408 18020
5.70566 17680
5.70566 18020
5.70724 17680
5.70724 18020
5.70881 17680
5.70881 18020
5.71039 17680
5.71039 18020
5.71196 17680
5.71196 18020
5.71354 17680
5.71354 18020
5.71512 17680
5.71512 18020
5.71669 17680
5.71669 18020
5.71827 17680
5.71827 18020
5.71984 17680
5.71984 18020
5.72142 17680
5.72142 18020
5.723 17680
5.723 18020
5.72457 17680
5.72457 18020
5.72615 17680
5.72615 18020
5.72772 17680
5.72772 18020
5.7293 17680
5.7293 18020
5.73088 17680
5.73088 18020
5.73245 17680
5.73245 18020
5.73403 17680
5.73403 18020
5.7356 17680
5.7356 18020
5.73718 17680
5.73718 18020
5.73876 17680
5.73876 18020
5.74033 17680
5.74033 18020
5.74191 17680
5.74191 18020
5.74348 17680
5.74348 18020
5.74506 17680
5.74506 18020
5.74664 17680
5.74664 18020
5.74821 17680
5.74821 18020
5.74979 17680
5.74979 18020
5.75136 17680
5.75136 18020
5.75294 17680
5.75294 18020
5.75452 17680
5.75452 18020
5.75609 17680
5.75609 18020
5.75767 17680
5.75767 18020
5.75924 17680
5.75924 18020
5.76082 17680
5.76082 18020
5.7624 17680
5.7624 18020
5.76397 17680
5.76397 18020
5.76555 17680
5.76555 18020
5.76712 17680
5.76712 18020
5.7687 17680
5.7687 18020
5.77028 17680
5.77028 18020
5.77185 17680
5.77185 18020
5.77343 17680
5.77343 18020
5.775 17680
5.775 18020
5.77658 17680
5.77658 18020
5.77816 17680
5.77816 18020
5.77973 17680
5.77973 18020
5.78131 17680
5.78131 18020
5.78288 17680
5.78288 18020
5.78446 17680
5.78446 18020
5.786 17680
5.786 18020
5.79783 17340
5.79783 17680
5.79783 18020
5.80098 17340
5.80098 17680
5.80098 18020
5.80413 17340
5.80413 17680
5.80413 18020
5.80729 17340
5.80729 17680
5.80729 18020
5.81044 17340
5.81044 17680
5.81044 18020
5.81359 17340
5.81359 17680
5.81359 18020
5.81674 17340
5.81674 17680
5.81674 18020
5.81989 17340
5.81989 17680
5.81989 18020
5.82305 17340
5.82305 17680
5.82305 18020
5.8262 17340
5.8262 17680
5.8262 18020
5.82935 17340
5.82935 17680
5.82935 18020
5.8325 17340
5.8325 17680
5.8325 18020
5.83565 17340
5.83565 17680
5.83565 18020
5.83881 17340
5.83881 17680
5.83881 18020
5.84196 17340
5.84196 17680
5.84196 18020
5.84511 17340
5.84511 17680
5.84511 18020
5.84826 17340
5.84826 17680
5.84826 18020
5.85141 17340
5.85141 17680
5.85141 18020
5.85457 17340
5.85457 17680
5.85457 18020
5.85772 17340
5.85772 17680
5.85772 18020
5.86087 17340
5.86087 17680
5.86087 18020
5.86402 17340
5.86402 17680
5.86402 18020
5.86717 17340
5.86717 17680
5.86717 18020
5.87033 17340
5.87033 17680
5.87033 18020
5.87348 17340
5.87348 17680
5.87348 18020
5.87663 17340
5.87663 17680
5.87663 18020
5.89 17340
5.89 17680
5.89 18020
5.89315 17340
5.89315 17680
5.89315 18020
5.8963 17340
5.8963 17680
5.8963 18020
5.8963 18360
5.89946 17680
5.89946 18020
5.89946 18360
5.90261 17680
5.90261 18020
5.90261 18360
5.90576 17680
5.90576 18020
5.90576 18360
5.90891 17680
5.90891 18020
5.90891 18360
5.91206 17680
5.91206 18020
5.91206 18360
5.91522 17680
5.91522 18020
5.91522 18360
5.91837 17680
5.91837 18020
5.91837 18360
5.92152 17680
5.92152 18020
5.92152 18360
5.92467 17680
5.92467 18020
5.92467 18360
5.92782 17680
5.92782 18020
5.92782 18360
5.93098 17680
5.93098 18020
5.93098 18360
5.93413 17680
5.93413 18020
5.93413 18360
5.93728 17680
5.93728 18020
5.93728 18360
5.94043 17680
5.94043 18020
5.94043 18360
5.94358 17680
5.94358 18020
5.94358 18360
5.94674 17680
5.94674 18020
5.94674 18360
5.94989 17680
5.94989 18020
5.94989 18360
5.95304 17680
5.95304 18020
5.95304 18360
5.95619 17680
5.95619 18020
5.95619 18360
5.95934 17680
5.95934 18020
5.95934 18360
5.9625 17680
5.9625 18020
5.9625 18360
5.96565 17680
5.96565 18020
5.96565 18360
5.9688 17680
5.9688 18020
5.9688 18360
5.98217 17680
5.98217 18020
5.98217 18360
5.98532 17680
5.98532 18020
5.98532 18360
5.98847 17680
5.98847 18020
5.98847 18360
5.99163 17680
5.99163 18020
5.99163 18360
5.99478 17680
5.99478 18020
5.99478 18360
5.99793 17680
5.99793 18020
5.99793 18360
6.00108 17680
6.00108 18020
6.00108 18360
6.00423 17680
6.00423 18020
6.00423 18360
6.00739 17680
6.00739 18020
6.00739 18360
6.01054 17680
6.01054 18020
6.01054 18360
6.01369 17680
6.01369 18020
6.01369 18360
6.01684 17680
6.01684 18020
6.01684 18360
6.01999 17680
6.01999 18020
6.01999 18360
6.02315 17680
6.02315 18020
6.02315 18360
6.0263 17680
6.0263 18020
6.0263 18360
6.02945 17680
6.02945 18020
6.02945 18360
6.0326 17680
6.0326 18020
6.0326 18360
6.03575 17680
6.03575 18020
6.03575 18360
6.03891 17680
6.03891 18020
6.03891 18360
6.04206 17680
6.04206 18020
6.04206 18360
6.04521 17680
6.04521 18020
6.04521 18360
6.04836 17680
6.04836 18020
6.04836 18360
6.05151 17680
6.05151 18020
6.05151 18360
6.05467 17680
6.05467 18020
6.05467 18360
6.05782 17680
6.05782 18020
6.05782 18360
6.06097 17680
6.06097 18020
6.06097 18360
6.06412 17680
6.06412 18020
6.06412 18360
6.07592 17680
6.07592 18020
6.07592 18360
6.07907 17680
6.07907 18020
6.07907 18360
6.08537 17000
6.08537 17340
6.08537 17680
6.08537 18020
6.08537 18360
6.08856 18020
6.08856 18360
6.09014 18020
6.09014 18360
6.09172 17680
6.09172 18020
6.09329 17680
6.09487 17340
6.09644 17000
6.09644 17340
6.09802 17000
6.09802 17340
6.0996 17000
6.0996 17340
6.10117 17000
6.10117 17340
6.10275 17000
6.10275 17340
6.10432 17000
6.10432 17340
6.1059 17000
6.1059 17340
6.10748 17000
6.10748 17340
6.10905 17000
6.10905 17340
6.11063 17000
6.11063 17340
6.1122 17000
6.1122 17340
6.11378 17000
6.11378 17340
6.11536 17000
6.11536 17340
6.11693 17000
6.11693 17340
6.11851 17000
6.11851 17340
6.12008 17000
6.12008 17340
6.12166 17000
6.12166 17340
6.12324 17000
6.12324 17340
6.12481 17000
6.12481 17340
6.12639 17000
6.12639 17340
6.12796 17000
6.12796 17340
6.12954 17000
6.12954 17340
6.13112 17000
6.13112 17340
6.13269 17000
6.13269 17340
6.13427 17000
6.13427 17340
6.13584 17000
6.13584 17340
6.13742 17000
6.13742 17340
6.139 17000
6.139 17340
6.14057 17000
6.14057 17340
6.14215 17000
6.14215 17340
6.14372 17000
6.14372 17340
6.1453 17000
6.1453 17340
6.14688 17000
6.14688 17340
6.14845 17000
6.14845 17340
6.15003 17000
6.15003 17340
6.1516 17000
6.1516 17340
6.15318 17000
6.15318 17340
6.15476 17000
6.15476 17340
6.15633 17000
6.15633 17340
6.15791 17000
6.15791 17340
6.16813 17000
6.16813 17340
6.1697 17000
6.1697 17340
6.17128 17000
6.17128 17340
6.17285 17000
6.17285 17340
6.17758 17000
6.17758 17340
6.17916 17000
6.17916 17340
6.18073 17000
6.18073 17340
6.18231 17000
6.18231 17340
6.18389 17000
6.18389 17340
6.18546 17000
6.18546 17340
6.187 17000
6.187 17340
6.19019 16660
6.19019 17000
6.19019 17340
6.19334 16660
6.19334 17000
6.19334 17340
6.19649 16660
6.19649 17000
6.19649 17340
6.19965 16660
6.19965 17000
6.19965 17340
6.2028 16660
6.2028 17000
6.2028 17340
6.20595 16660
6.20595 17000
6.20595 17340
6.2091 16660
6.2091 17000
6.2091 17340
6.21225 16660
6.21225 17000
6.21225 17340
6.21541 16660
6.21541 17000
6.21541 17340
6.21856 16660
6.21856 17000
6.21856 17340
6.22171 16660
6.22171 17000
6.22171 17340
6.22486 16660
6.22486 17000
6.22486 17340
6.22801 16660
6.22801 17000
6.22801 17340
6.23117 16660
6.23117 17000
6.23117 17340
6.23432 16660
6.23432 17000
6.23432 17340
6.23747 16660
6.23747 17000
6.23747 17340
6.24062 16660
6.24062 17000
6.24062 17340
6.24377 16660
6.24377 17000
6.24377 17340
6.24693 16660
6.24693 17000
6.24693 17340
6.25008 16660
6.25008 17000
6.25008 17340
6.26187 16660
6.26187 17000
6.26187 17340
6.26979 16660
6.26979 17000
6.26979 17340
6.27137 17000
6.27137 17340
6.27294 16660
6.27294 17000
6.27294 17340
6.27294 17680
6.27294 18020
6.27294 18360
6.27294 18700
6.27294 19040
6.27294 19380
6.27294 19720
6.27294 20060
6.27294 20400
6.27294 20740
6.27294 21080
6.27294 21420
6.27294 21760
6.27294 22100
6.27294 22440
6.27294 22780
6.27294 23120
6.27294 23460
6.27294 23800
6.27294 24140
6.27294 24480
6.27294 24820
6.27294 25160
6.27294 25500
6.27294 25840
6.27294 26180
6.27294 26520
6.27452 26180
6.27452 26520
6.27609 26180
6.27609 26520
6.27767 26180
6.27767 26520
6.27925 26180
6.27925 26520
6.2824 26180
6.2824 26520
6.28397 26180
6.28397 26520
6.28555 26180
6.28555 26520
6.28713 26180
6.28713 26520
6.2887 26180
6.2887 26520
6.29028 26180
6.29028 26520
6.29185 26180
6.29185 26520
6.29343 26180
6.29343 26520
6.29501 26180
6.29501 26520
6.29658 26180
6.29658 26520
6.29816 26180
6.29816 26520
6.29973 26180
6.29973 26520
6.30131 26180
6.30131 26520
6.30289 26180
6.30289 26520
6.30446 26180
6.30446 26520
6.30604 26180
6.30604 26520
6.30761 26180
6.30761 26520
6.30919 26180
6.30919 26520
6.31077 26180
6.31077 26520
6.31234 26180
6.31234 26520
6.31392 26180
6.31392 26520
6.31549 26180
6.31549 26520
6.31707 26180
6.31707 26520
6.31865 26180
6.31865 26520
6.32022 26180
6.32022 26520
6.3218 26180
6.3218 26520
6.32337 26180
6.32337 26520
6.32495 26180
6.32495 26520
6.32653 26180
6.32653 26520
6.3281 26180
6.3281 26520
6.32968 26180
6.32968 26520
6.33125 26180
6.33125 26520
6.33283 26180
6.33283 26520
6.33441 26180
6.33441 26520
6.33598 26180
6.33598 26520
6.33917 26180
6.33917 26520
6.34075 26180
6.34075 26520
6.34232 25840
6.34232 26180
6.34232 26520
6.3439 26180
6.3439 26520
6.35412 26180
6.35412 26520
6.3557 26180
6.3557 26520
6.36204 26180
6.36204 26520
6.36361 26180
6.36361 26520
6.36519 26180
6.36519 26520
6.36673 26180
6.36673 26520
6.3683 26180
6.3683 26520
6.36988 26180
6.36988 26520
6.37146 26180
6.37146 26520
6.37303 26180
6.37303 26520
6.37461 26180
6.37461 26520
6.37618 26180
6.37618 26520
6.37776 26180
6.37776 26520
6.37934 26180
6.37934 26520
6.38091 26180
6.38091 26520
6.38249 26180
6.38249 26520
6.38406 26180
6.38406 26520
6.38564 26180
6.38564 26520
6.38722 26180
6.38722 26520
6.38879 26180
6.38879 26520
6.39037 26180
6.39037 26520
6.39194 26180
6.39194 26520
6.39352 26180
6.39352 26520
6.3951 26180
6.3951 26520
6.39667 26180
6.39667 26520
6.39825 26180
6.39825 26520
6.39982 26180
6.39982 26520
6.4014 26180
6.4014 26520
6.40298 26180
6.40298 26520
6.40455 26180
6.40455 26520
6.40613 26180
6.40613 26520
6.4077 26180
6.4077 26520
6.40928 26180
6.40928 26520
6.41086 26180
6.41086 26520
6.41243 26180
6.41243 26520
6.41401 26180
6.41401 26520
6.41558 26180
6.41558 26520
6.41716 26180
6.41716 26520
6.41874 26180
6.41874 26520
6.42031 26180
6.42031 26520
6.42189 26180
6.42189 26520
6.42346 26180
6.42346 26520
6.42504 26180
6.42504 26520
6.42662 26180
6.42662 26520
6.42819 26180
6.42819 26520
6.42977 26180
6.42977 26520
6.43134 26180
6.43134 26520
6.43292 26180
6.43292 26520
6.4345 26180
6.4345 26520
6.43607 26180
6.43607 26520
6.43765 26180
6.43765 26520
6.43922 26180
6.43922 26520
6.4408 26180
6.4408 26520
6.44238 26180
6.44238 26520
6.44395 26180
6.44395 26520
6.44553 26180
6.44553 26520
6.4471 26180
6.4471 26520
6.44868 26180
6.44868 26520
6.45026 26180
6.45026 26520
6.45183 26180
6.45183 26520
6.45341 26180
6.45341 26520
6.45498 26180
6.45498 26520
6.45656 26180
6.45656 26520
6.45814 26180
6.45814 26520
6.45971 26180
6.45971 26520
6.46129 26180
6.46129 26520
6.46286 26180
6.46286 26520
6.46444 26180
6.46444 26520
6.46602 26180
6.46602 26520
6.46759 26180
6.46759 26520
6.46917 26180
6.46917 26520
6.47074 26180
6.47074 26520
6.47232 26180
6.47232 26520
6.4739 26180
6.4739 26520
6.47547 26180
6.47547 26520
6.47701 26180
6.47701 26520
6.48016 25840
6.48016 26180
6.48016 26520
6.48331 25840
6.48331 26180
6.48331 26520
6.48646 25840
6.48646 26180
6.48646 26520
6.48646 26860
6.48962 26180
6.48962 26520
6.48962 26860
6.49277 26180
6.49277 26520
6.49277 26860
6.49592 26180
6.49592 26520
6.49592 26860
6.49907 26180
6.49907 26520
6.49907 26860
6.50222 26180
6.50222 26520
6.50222 26860
6.50538 26180
6.50538 26520
6.50538 26860
6.50853 26180
6.50853 26520
6.50853 26860
6.51168 26180
6.51168 26520
6.51168 26860
6.51483 26180
6.51483 26520
6.51483 26860
6.51798 26180
6.51798 26520
6.51798 26860
6.52114 26180
6.52114 26520
6.52114 26860
6.52429 26180
6.52429 26520
6.52429 26860
6.52744 26180
6.52744 26520
6.52744 26860
6.53059 26180
6.53059 26520
6.53059 26860
6.53374 26180
6.53374 26520
6.53374 26860
6.5369 26180
6.5369 26520
6.5369 26860
6.54005 26180
6.54005 26520
6.54005 26860
6.5432 26180
6.5432 26520
6.5432 26860
6.54635 26180
6.54635 26520
6.54635 26860
6.5495 26180
6.5495 26520
6.5495 26860
6.55266 26180
6.55266 26520
6.55266 26860
6.55581 26180
6.55581 26520
6.55581 26860
6.55896 26180
6.55896 26520
6.55896 26860
6.56211 26180
6.56211 26520
6.56211 26860
6.56526 26180
6.56526 26520
6.56526 26860
6.56842 26180
6.56842 26520
6.56842 26860
6.57157 26180
6.57157 26520
6.57157 26860
6.57472 26180
6.57472 26520
6.57472 26860
6.57787 26180
6.57787 26520
6.57787 26860
6.58102 26180
6.58102 26520
6.58102 26860
6.58418 26180
6.58418 26520
6.58418 26860
6.58733 26180
6.58733 26520
6.58733 26860
6.59048 26180
6.59048 26520
6.59048 26860
6.59363 26180
6.59363 26520
6.59363 26860
6.59678 26180
6.59678 26520
6.59678 26860
6.59994 26180
6.59994 26520
6.59994 26860
6.60309 26180
6.60309 26520
6.60309 26860
6.60624 26180
6.60624 26520
6.60624 26860
6.60939 26180
6.60939 26520
6.60939 26860
6.61258 26520
6.61258 26860
6.61416 26520
6.61416 26860
6.61574 26180
6.61574 26520
6.61731 26180
6.61889 25840
6.62046 25500
6.62204 25160
6.62362 24820
6.62519 24480
6.62677 24140
6.62834 23800
6.62992 23460
6.6315 23120
6.63307 22780
6.63465 22440
6.63622 22100
6.6378 21760
6.63938 21420
6.64095 21080
6.64253 20740
6.6441 20400
6.64568 20060
6.64726 19720
6.64726 20060
6.64883 19720
6.64883 20060
6.65041 19720
6.65041 20060
6.65198 19720
6.65198 20060
6.65356 19720
6.65356 20060
6.65514 19720
6.65514 20060
6.65671 19720
6.65671 20060
6.65829 19720
6.65829 20060
6.65986 19720
6.65986 20060
6.66144 19720
6.66144 20060
6.66302 19720
6.66302 20060
6.66459 19720
6.66459 20060
6.66617 19720
6.66617 20060
6.66774 19720
6.66774 20060
6.66932 19720
6.66932 20060
6.6709 19720
6.6709 20060
6.67247 19720
6.67247 20060
6.67405 19720
6.67405 20060
6.67562 19720
6.67562 20060
6.6772 19720
6.6772 20060
6.67878 19720
6.67878 20060
6.68035 19720
6.68035 20060
6.68193 19720
6.68193 20060
6.6835 19720
6.6835 20060
6.68508 19720
6.68508 20060
6.68666 19720
6.68666 20060
6.68823 19720
6.68823 20060
6.68981 19720
6.68981 20060
6.69138 19720
6.69138 20060
6.69296 19720
6.69296 20060
6.69454 19720
6.69454 20060
6.69611 19720
6.69611 20060
6.69769 19720
6.69769 20060
6.69926 19720
6.69926 20060
6.70084 19720
6.70084 20060
6.70242 19720
6.70242 20060
6.70399 19720
6.70399 20060
6.70557 19720
6.70557 20060
6.70714 19720
6.70714 20060
6.7103 19380
6.7103 19720
6.7103 20060
6.71187 19720
6.71187 20060
6.71345 19720
6.71345 20060
6.71502 19720
6.71502 20060
6.7166 19720
6.7166 20060
6.71818 19720
6.71818 20060
6.71975 19720
6.71975 20060
6.72133 19720
6.72133 20060
6.7229 19720
6.7229 20060
6.72448 19720
6.72448 20060
6.72606 19720
6.72606 20060
6.72763 19720
6.72763 20060
6.72921 19720
6.72921 20060
6.73078 19720
6.73078 20060
6.73236 19720
6.73236 20060
6.73394 19720
6.73394 20060
6.73551 19720
6.73551 20060
6.73709 19720
6.73709 20060
6.73862 19720
6.73862 20060
6.74339 19380
6.74339 19720
6.74339 20060
6.74497 19720
6.74497 20060
6.74654 19380
6.74654 19720
6.74654 20060
6.74654 20400
6.74654 20740
6.74654 21080
6.74654 21420
6.74654 21760
6.74654 22100
6.74654 22440
6.74654 22780
6.74654 23120
6.74654 23460
6.74654 23800
6.74654 24140
6.74654 24480
6.74654 24820
6.74654 25160
6.74654 25500
6.74654 25840
6.74654 26180
6.74654 26520
6.74654 26860
6.74654 27200
6.74654 27540
6.74654 27880
6.74654 28220
6.74654 28560
6.74654 28900
6.74654 29240
6.74654 29580
6.74654 29920
6.74654 30260
6.74654 30600
6.74654 30940
6.74654 31280
6.74654 31620
6.74654 31960
6.74654 32300
6.74654 32640
6.74654 32980
6.74654 33320
6.74654 33660
6.74654 34000
6.74654 34340
6.74654 34680
6.74654 35020
6.74654 35360
6.74654 35700
6.74654 36040
6.74654 36380
6.74654 36720
6.74654 37060
6.74654 37400
6.74654 37740
6.74654 38080
6.74654 38420
6.74654 38760
6.74654 39100
6.74654 39440
6.74654 39780
6.74654 40120
6.74654 40460
6.74654 40800
6.74654 41140
6.74654 41480
6.74654 41820
6.74654 42160
6.74654 42500
6.74654 42840
6.74654 43180
6.74654 43520
6.74654 43860
6.74654 44200
6.74654 44540
6.74654 44880
6.74654 45220
6.74654 45560
6.74654 45900
6.74654 46240
6.74654 46580
6.74654 46920
6.74654 47260
6.74654 47600
6.74654 47940
6.74654 48280
6.74654 48620
6.74654 48960
6.74654 49300
6.74654 49640
6.74654 49980
6.74654 50320
6.74654 50660
6.74654 51000
6.74654 51340
6.74654 51680
6.74654 52020
6.74654 52360
6.74654 52700
6.74654 53040
6.74654 53380
6.74654 53720
6.74654 54060
6.74654 54400
6.74654 54740
6.74654 55080
6.74654 55420
6.74654 55760
6.74654 56100
6.74654 56440
6.74654 56780
6.74654 57120
6.74654 57460
6.74654 57800
6.74654 58140
6.74654 58480
6.74654 58820
6.74654 59160
6.74654 59500
6.74654 59840
6.74654 60180
6.74654 60520
6.74654 60860
6.74654 61200
6.74654 61540
6.74654 61880
6.74654 62220
6.74654 62560
6.74654 62900
6.74654 63240
6.74654 63580
6.74654 63920
6.74654 64260
6.74654 64600
6.74654 64940
6.74654 65280
6.74654 65620
6.74654 65960
6.74654 66300
6.74654 66640
6.74654 66980
6.74654 67320
6.74654 67660
6.74654 68000
6.74654 68340
6.74654 68680
6.74654 69020
6.74654 69360
6.74654 69700
6.74654 70040
6.74654 70380
6.74654 70720
6.74654 71060
6.74654 71400
6.74654 71740
6.74654 72080
6.74654 72420
6.74654 72760
6.74654 73100
6.74654 73440
6.74654 73780
6.74654 74120
6.74654 74460
6.74654 74800
6.74654 75140
6.74654 75480
6.74654 75820
6.74654 76160
6.74654 76500
6.74654 76840
6.74654 77180
6.74654 77520
6.74654 77860
6.74654 78200
6.74654 78540
6.74654 78880
6.74654 79220
6.74654 79560
6.74654 79900
6.74654 80240
6.74654 80580
6.74654 80920
6.74654 81260
6.74654 81600
6.74654 81940
6.74654 82280
6.74654 82620
6.74654 82960
6.74654 83300
6.74654 83640
6.74654 83980
6.74654 84320
6.74654 84660
6.74654 85000
6.74654 85340
6.74654 85680
6.74654 86020
6.74654 86360
6.74654 86700
6.74654 87040
6.74654 87380
6.74654 87720
6.74654 88060
6.74654 88400
6.74654 88740
6.74654 89080
6.74654 89420
6.74654 89760
6.74654 90100
6.74654 90440
6.74654 90780
6.74654 91120
6.74654 91460
6.74654 91800
6.74654 92140
6.74654 92480
6.74654 92820
6.74654 93160
6.74654 93500
6.74654 93840
6.74654 94180
6.74654 94520
6.74654 94860
6.74654 95200
6.74654 95540
6.74654 95880
6.74654 96220
6.74654 96560
6.74654 96900
6.74654 97240
6.74654 97580
6.74654 97920
6.74654 98260
6.74654 98600
6.74654 98940
6.74654 99280
6.74654 99620
6.74654 99960
6.74654 100300
6.74654 100640
6.74654 100980
6.74654 101320
6.74654 101660
6.74654 102000
6.74654 102340
6.74654 102680
6.74654 103020
6.74654 103360
6.74654 103700
6.74654 104040
6.74654 104380
6.74654 104720
6.74654 105060
6.74654 105400
6.74654 105740
6.74654 106080
6.74654 106420
6.74654 106760
6.74654 107100
6.74654 107440
6.74654 107780
6.74654 108120
6.74654 108460
6.74654 108800
6.74654 109140
6.74654 109480
6.74654 109820
6.74654 110160
6.74654 110500
6.74654 110840
6.74654 111180
6.74654 111520
6.74654 111860
6.74654 112200
6.74654 112540
6.74654 112880
6.74654 113220
6.74654 113560
6.74654 113900
6.74654 114240
6.74654 114580
6.74654 114920
6.74654 115260
6.74654 115600
6.74654 115940
6.74654 116280
6.74654 116620
6.74654 116960
6.74654 117300
6.74654 117640
6.74654 117980
6.74654 118320
6.74654 118660
6.74654 119000
6.74654 119340
6.74654 119680
6.74654 120020
6.74654 120360
6.74654 120700
6.74654 121040
6.74654 121380
6.74654 121720
6.74654 122060
6.74654 122400
6.74654 122740
6.74654 123080
6.74654 123420
6.74654 123760
6.74654 124100
6.74654 124440
6.74654 124780
6.74654 125120
6.74654 125460
6.74654 125800
6.74654 126140
6.74654 126480
6.74654 126820
6.74654 127160
6.74654 127500
6.74654 127840
6.74654 128180
6.74654 128520
6.74654 128860
6.74654 129200
6.74654 129540
6.74654 129880
6.74654 130220
6.74654 130560
6.74654 130900
6.74654 131240
6.74654 131580
6.74654 131920
6.74654 132260
6.74654 132600
6.74654 132940
6.74654 133280
6.74654 133620
6.74654 133960
6.74654 134300
6.74654 134640
6.74654 134980
6.74654 135320
6.74654 135660
6.74654 136000
6.74654 136340
6.74654 136680
6.74654 137020
6.74654 137360
6.74654 137700
6.74654 138040
6.74654 138380
6.74654 138720
6.74654 139060
6.74654 139400
6.74654 139740
6.74654 140080
6.74654 140420
6.74654 140760
6.74654 141100
6.74654 141440
6.74654 141780
6.74654 142120
6.74654 142460
6.74654 142800
6.74654 143140
6.74654 143480
6.74654 143820
6.74654 144160
6.74654 144500
6.74654 144840
6.74654 145180
6.74654 145520
6.74654 145860
6.74654 146200
6.74654 146540
6.74654 146880
6.74654 147220
6.74654 147560
6.74654 147900
6.74654 148240
6.74654 148580
6.74654 148920
6.74654 149260
6.74654 149600
6.74654 149940
6.74654 150280
6.74654 150620
6.74654 150960
6.74654 151300
6.74654 151640
6.74654 151980
6.74654 152320
6.74654 152660
6.74654 153000
6.74654 153340
6.74654 153680
6.74654 154020
6.74812 153680
6.74812 154020
6.7497 153680
6.7497 154020
6.75127 153680
6.75127 154020
6.75285 153680
6.75285 154020
6.75442 153680
6.75442 154020
6.756 153680
6.756 154020
6.75758 153680
6.75758 154020
6.75915 153680
6.75915 154020
6.76073 153680
6.76073 154020
6.7623 153680
6.7623 154020
6.76388 153680
6.76388 154020
6.76546 153680
6.76546 154020
6.76703 153680
6.76703 154020
6.76861 153680
6.76861 154020
6.77018 153680
6.77018 154020
6.77176 153680
6.77176 154020
6.77334 153680
6.77334 154020
6.77491 153680
6.77491 154020
6.77649 153680
6.77649 154020
6.77806 153680
6.77806 154020
6.77964 153680
6.77964 154020
6.78122 153680
6.78122 154020
6.78279 153680
6.78279 154020
6.78437 153680
6.78437 154020
6.78594 153680
6.78594 154020
6.78752 153680
6.78752 154020
6.7891 153680
6.7891 154020
6.79067 153680
6.79067 154020
6.79225 153680
6.79225 154020
6.79382 153680
6.79382 154020
6.7954 153680
6.7954 154020
6.79698 153680
6.79698 154020
6.79855 153680
6.79855 154020
6.80013 153680
6.80013 154020
6.8025 153680
6.8025 154020
6.80408 153680
6.80408 154020
6.80566 153680
6.80566 154020
6.80723 153680
6.80723 154020
6.80881 153680
6.80881 154020
6.81038 153680
6.81038 154020
6.81196 153680
6.81196 154020
6.81354 153680
6.81354 154020
6.81511 153680
6.81511 154020
6.81669 153680
6.81669 154020
6.81826 153680
6.81826 154020
6.81984 153680
6.81984 154020
6.82142 153680
6.82142 154020
6.82299 153680
6.82299 154020
6.82457 153680
6.82457 154020
6.82614 153680
6.82614 154020
6.82772 153680
6.82772 154020
6.8293 153680
6.8293 154020
6.83087 153680
6.83087 154020
6.83245 153680
6.83245 154020
6.8356 153680
6.8356 154020
6.83718 153680
6.83718 154020
6.83875 153680
6.83875 154020
6.84029 153680
6.84029 154020
6.84344 153340
6.84344 153680
6.84344 154020
6.84659 153340
6.84659 153680
6.84659 154020
6.84975 153340
6.84975 153680
6.84975 154020
6.8529 153340
6.8529 153680
6.8529 154020
6.85605 153340
6.85605 153680
6.85605 154020
6.8592 153340
6.8592 153680
6.8592 154020
6.86235 153340
6.86235 153680
6.86235 154020
6.86551 153340
6.86551 153680
6.86551 154020
6.86866 153340
6.86866 153680
6.86866 154020
6.87181 153340
6.87181 153680
6.87181 154020
6.87496 153340
6.87496 153680
6.87496 154020
6.87811 153340
6.87811 153680
6.87811 154020
6.88127 153340
6.88127 153680
6.88127 154020
6.88442 153340
6.88442 153680
6.88442 154020
6.88757 153340
6.88757 153680
6.88757 154020
6.89072 153340
6.89072 153680
6.89072 154020
6.89387 153340
6.89387 153680
6.89387 154020
6.89703 153340
6.89703 153680
6.89703 154020
6.90018 153340
6.90018 153680
6.90018 154020
6.90333 153340
6.90333 153680
6.90333 154020
6.90648 153340
6.90648 153680
6.90648 154020
6.90963 153340
6.90963 153680
6.90963 154020
6.91279 153340
6.91279 153680
6.91279 154020
6.91594 153340
6.91594 153680
6.91594 154020
6.91909 153340
6.91909 153680
6.91909 154020
6.92224 153340
6.92224 153680
6.92224 154020
6.92539 153340
6.92539 153680
6.92539 154020
6.92855 153340
6.92855 153680
6.92855 154020
6.9317 153340
6.9317 153680
6.9317 154020
6.93485 153340
6.93485 153680
6.93485 154020
6.938 153340
6.938 153680
6.938 154020
6.94115 153340
6.94115 153680
6.94115 154020
6.94431 153340
6.94431 153680
6.94431 154020
6.94746 153340
6.94746 153680
6.94746 154020
6.95061 153340
6.95061 153680
6.95061 154020
6.95376 153340
6.95376 153680
6.95376 154020
6.95691 153340
6.95691 153680
6.95691 154020
6.96007 153340
6.96007 153680
6.96007 154020
6.96322 153340
6.96322 153680
6.96322 154020
6.96637 153340
6.96637 153680
6.96637 154020
6.96952 153340
6.96952 153680
6.96952 154020
6.97267 153340
6.97267 153680
6.97267 154020
6.97583 153340
6.97583 153680
6.97583 154020
6.97898 153340
6.97898 153680
6.97898 154020
6.98213 153340
6.98213 153680
6.98213 154020
6.98528 153340
6.98528 153680
6.98528 154020
6.98843 153340
6.98843 153680
6.98843 154020
6.99159 153340
6.99159 153680
6.99159 154020
6.99474 153340
6.99474 153680
6.99474 154020
6.99789 153340
6.99789 153680
6.99789 154020
7.00104 153340
7.00104 153680
7.00104 154020
7.00419 153340
7.00419 153680
7.00419 154020
7.00735 153340
7.00735 153680
7.00735 154020
7.0105 153340
7.0105 153680
7.0105 154020
7.01365 153340
7.01365 153680
7.01365 154020
7.0168 153340
7.0168 153680
7.0168 154020
7.01995 153340
7.01995 153680
7.01995 154020
7.02311 153340
7.02311 153680
7.02311 154020
7.02626 153340
7.02626 153680
7.02626 154020
7.02941 153340
7.02941 153680
7.02941 154020
7.03256 153340
7.03256 153680
7.03256 154020
7.03571 153340
7.03571 153680
7.03571 154020
7.03887 153340
7.03887 153680
7.03887 154020
7.04202 153340
7.04202 153680
7.04202 154020
7.04517 153340
7.04517 153680
7.04517 154020
7.04832 153340
7.04832 153680
7.04832 154020
7.05147 153340
7.05147 153680
7.05147 154020
7.05463 153340
7.05463 153680
7.05463 154020
7.05778 153340
7.05778 153680
7.05778 154020
7.06093 153340
7.06093 153680
7.06093 154020
7.06408 153340
7.06408 153680
7.06408 154020
7.06723 153340
7.06723 153680
7.06723 154020
7.07039 153340
7.07039 153680
7.07039 154020
7.07354 153340
7.07354 153680
7.07354 154020
7.07669 153340
7.07669 153680
7.07669 154020
7.07984 153340
7.07984 153680
7.07984 154020
7.08299 153340
7.08299 153680
7.08299 154020
7.08615 153340
7.08615 153680
7.08615 154020
7.08776 153680
7.08776 154020
7.08934 153680
7.08934 154020
7.09091 72420
7.09091 72760
7.09249 72420
7.09406 72080
7.09564 71740
7.09722 71400
7.09879 71060
7.10037 70720
7.10194 70380
7.10352 70040
7.1051 69700
7.10667 69360
7.10825 69020
7.10982 68680
7.1114 68340
7.11298 68000
7.11455 67660
7.11613 67320
7.1177 66980
7.11928 66640
7.12086 66300
7.12243 65960
7.12401 65620
7.12558 65280
7.12716 64940
7.12874 64600
7.13031 64260
7.13189 63920
7.13346 63580
7.13504 63240
7.13662 62900
7.13819 62560
7.13977 62220
7.14134 61880
7.14292 61540
7.1445 61200
7.14611 60860
7.14769 60520
7.14926 59840
7.15084 59500
7.15241 59160
7.15399 58820
7.15557 58480
7.15714 58140
7.15872 57800
7.16029 57460
7.16187 57120
7.16345 56780
7.16502 56440
7.1666 56100
7.16817 55760
7.16975 55420
7.17133 55080
7.17448 54400
7.17605 54060
7.17763 53720
7.17921 53380
7.18078 53040
7.18236 52700
7.18393 52360
7.18551 52020
7.18709 51680
7.18866 51340
7.19024 51000
7.19181 50660
7.19339 50320
7.19497 49980
7.19654 49640
7.19812 49300
7.19969 48960
7.20127 48620
7.20285 48280
7.20442 47940
7.206 47600
7.20757 47260
7.20915 46920
7.21073 46580
7.2123 46240
7.21388 45900
7.21545 45560
7.21703 45220
7.21861 44880
7.22018 44540
7.22176 44200
7.22333 43860
7.22491 43520
7.22649 43180
7.22806 42840
7.22964 42500
7.23121 42160
7.23279 41820
7.23437 41480
7.23594 41140
7.23752 40800
7.23909 40460
7.24067 40120
7.24225 39780
7.24382 39440
7.2454 39100
7.24697 38760
7.24855 38420
7.25013 38080
7.2517 37740
7.25328 37400
7.25485 37060
7.25643 36720
7.25801 36380
7.25958 36040
7.26116 35700
7.26273 35360
7.26431 35020
7.26589 34680
7.26746 34340
7.26904 34000
7.27061 33660
7.27219 33320
7.27377 32980
7.27534 32640
7.27692 32300
7.27849 31960
7.28007 31620
7.28165 31280
7.28322 30940
7.2848 30600
7.28637 30260
7.28795 29920
7.28953 29580
7.2911 29240
7.29268 28900
7.29425 28560
7.29583 28220
7.29741 27880
7.29898 27540
7.30056 27200
7.30213 26860
7.30371 26520
7.30529 26180
7.30686 25840
7.30844 25500
7.31001 25160
7.31159 24820
7.31317 24480
7.31474 24140
7.31632 23800
7.31789 23460
7.31947 23120
7.32105 22780
7.32262 22440
7.3242 22100
7.32577 21760
7.32735 21420
7.33054 21080
7.33212 20740
7.33369 20060
7.33527 19720
7.33684 19380
7.33842 19040
7.33842 19380
7.34 19040
7.34 19380
7.34157 19040
7.34157 19380
7.34315 19040
7.34315 19380
7.34472 19040
7.34472 19380
7.3463 19040
7.3463 19380
7.34788 19040
7.34788 19380
7.34945 19040
7.34945 19380
7.35103 19040
7.35103 19380
7.3526 19040
7.3526 19380
7.35418 19040
7.35418 19380
7.35576 19040
7.35576 19380
7.35733 19040
7.35733 19380
7.35891 19040
7.35891 19380
7.36048 19040
7.36048 19380
7.36206 19040
7.36206 19380
7.36364 19040
7.36364 19380
7.36521 19040
7.36521 19380
7.36679 19040
7.36679 19380
7.36836 19040
7.36836 19380
7.36994 19040
7.36994 19380
7.37152 19040
7.37152 19380
7.37309 19040
7.37309 19380
7.37467 19040
7.37467 19380
7.37624 19040
7.37624 19380
7.37782 19040
7.37782 19380
7.3794 19040
7.3794 19380
7.38097 19040
7.38097 19380
7.38255 19040
7.38255 19380
7.38412 19040
7.38412 19380
7.3857 19040
7.3857 19380
7.38728 19040
7.38728 19380
7.38885 19040
7.38885 19380
7.39043 19040
7.39043 19380
7.392 19040
7.392 19380
7.39358 19040
7.39358 19380
7.39516 19040
7.39516 19380
7.39673 19040
7.39673 19380
7.39831 19040
7.39831 19380
7.39988 19040
7.39988 19380
7.40146 19040
7.40146 19380
7.40304 19040
7.40304 19380
7.40461 19040
7.40461 19380
7.40619 19040
7.40619 19380
7.40776 19040
7.40776 19380
7.40934 19040
7.40934 19380
7.41092 19040
7.41092 19380
7.41249 19040
7.41249 19380
7.41407 19040
7.41407 19380
7.41564 19040
7.41564 19380
7.41722 19040
7.41722 19380
7.4188 19040
7.4188 19380
7.42037 19040
7.42037 19380
7.42195 19040
7.42195 19380
7.42352 19040
7.42352 19380
7.4251 19040
7.4251 19380
7.42668 19040
7.42668 19380
7.43071 19040
7.43071 19380
7.43228 19040
7.43228 19380
7.43386 19040
7.43386 19380
7.43543 19040
7.43543 19380
7.43701 19040
7.43701 19380
7.43859 19040
7.43859 19380
7.44016 19040
7.44016 19380
7.44174 19040
7.44174 19380
7.44331 19040
7.44331 19380
7.44489 19040
7.44489 19380
7.44647 19040
7.44647 19380
7.44804 19040
7.44804 19380
7.44962 19040
7.44962 19380
7.45119 19040
7.45119 19380
7.45277 19040
7.45277 19380
7.45435 19040
7.45435 19380
7.45592 19040
7.45592 19380
7.4575 19040
7.4575 19380
7.45907 19040
7.45907 19380
7.46065 19040
7.46065 19380
7.46223 19040
7.46223 19380
7.4638 19040
7.4638 19380
7.46538 19040
7.46538 19380
7.46695 19040
7.46695 19380
7.46853 19040
7.46853 19380
7.47011 19040
7.47011 19380
7.47168 19040
7.47168 19380
7.47326 19040
7.47326 19380
7.47483 19040
7.47483 19380
7.47641 19040
7.47641 19380
7.47799 19040
7.47799 19380
7.47956 19040
7.47956 19380
7.48114 19040
7.48114 19380
7.48271 19040
7.48271 19380
7.48429 19040
7.48429 19380
7.48587 19040
7.48587 19380
7.48744 19040
7.48744 19380
7.48902 19040
7.48902 19380
7.49059 19040
7.49059 19380
7.49217 19040
7.49217 19380
7.49375 19040
7.49375 19380
7.49532 19040
7.49532 19380
7.4969 19040
7.4969 19380
7.49847 19040
7.49847 19380
7.50005 19040
7.50005 19380
7.50163 19040
7.50163 19380
7.5032 19040
7.5032 19380
7.50478 19040
7.50478 19380
7.50635 19040
7.50635 19380
7.50793 19040
7.50793 19380
7.50951 19040
7.50951 19380
7.51108 19040
7.51108 19380
7.51266 19040
7.51266 19380
7.51423 19040
7.51423 19380
7.51581 19040
7.51581 19380
7.51739 19040
7.51739 19380
7.51896 19040
7.51896 19380
7.52299 19040
7.52299 19380
7.52457 19040
7.52457 19380
7.52614 19040
7.52614 19380
7.52772 19040
7.52772 19380
7.5293 19040
7.5293 19380
7.53087 19040
7.53087 19380
7.53245 19040
7.53245 19380
7.53402 19040
7.53402 19380
7.5356 19040
7.5356 19380
7.53718 19040
7.53718 19380
7.53875 19040
7.53875 19380
7.54033 19040
7.54033 19380
7.5419 19040
7.5419 19380
7.54348 19040
7.54348 19380
7.54506 19040
7.54506 19380
7.54663 19040
7.54663 19380
7.54821 19040
7.54821 19380
7.54978 19040
7.54978 19380
7.55136 19040
7.55136 19380
7.55294 19040
7.55294 19380
7.55451 19040
7.55451 19380
7.55609 19040
7.55609 19380
7.55766 19040
7.55766 19380
7.55924 19040
7.55924 19380
7.56082 19040
7.56082 19380
7.56239 19040
7.56239 19380
7.56397 19040
7.56397 19380
7.56554 19040
7.56554 19380
7.56712 19040
7.56712 19380
7.5687 19040
7.5687 19380
7.57027 19040
7.57027 19380
7.57185 19040
7.57185 19380
7.57342 19040
7.57342 19380
7.575 19040
7.575 19380
7.57658 19040
7.57658 19380
7.57815 19040
7.57815 19380
7.57973 19040
7.57973 19380
7.5813 19040
7.5813 19380
7.58288 19040
7.58288 19380
7.58446 19040
7.58446 19380
7.58603 19040
7.58603 19380
7.58761 19040
7.58761 19380
7.58918 19040
7.58918 19380
7.59076 19040
7.59076 19380
7.59234 19040
7.59234 19380
7.59391 19040
7.59391 19380
7.59549 19040
7.59549 19380
7.59706 19040
7.59706 19380
7.59864 19040
7.59864 19380
7.60022 19040
7.60022 19380
7.60179 19040
7.60179 19380
7.60337 19040
7.60337 19380
7.60494 19040
7.60494 19380
7.60652 19040
7.60652 19380
7.6081 19040
7.6081 19380
7.60967 19040
7.60967 19380
7.61125 19040
7.61125 19380
7.61528 19040
7.61528 19380
7.61685 19040
7.61685 19380
7.61843 19040
7.61843 19380
7.62001 19040
7.62001 19380
7.62158 19040
7.62158 19380
7.62316 19040
7.62316 19380
7.62473 19040
7.62473 19380
7.62631 19040
7.62631 19380
7.62789 19040
7.62789 19380
7.62946 19040
7.62946 19380
7.63104 19040
7.63104 19380
7.63261 19040
7.63261 19380
8.42668 0
8.42668 340
8.51896 0
8.51896 340
8.51896 680
8.61125 340
8.61125 680
8.61125 1020
8.61282 680
8.61282 1020
8.61282 1360
8.70353 1020
8.70353 1360
8.70353 1700
8.70511 1360
8.70511 1700
8.70511 2040
8.70669 1700
8.70669 2040
8.70669 2380
8.70826 2040
8.70826 2380
8.70826 2720
8.79582 2380
8.79582 2720
8.79582 3060
8.7974 2720
8.7974 3060
8.7974 3400
8.79897 3060
8.79897 3400
8.79897 3740
8.80055 3400
8.80055 3740
8.80055 4080
8.80212 3740
8.80212 4080
8.80212 4420
8.8037 4080
8.8037 4420
8.8037 4760
8.80528 4420
8.80528 4760
8.80528 5100
8.80685 4760
8.80685 5100
8.80685 5440
8.8881 5100
8.8881 5440
8.8881 5780
8.88968 5440
8.88968 5780
8.88968 6120
9.88968 0
9.88968 340
9.98197 0
9.98197 340
9.98197 680
10.0743 340
10.0743 680
10.0743 1020
10.0758 680
10.0758 1020
10.0758 1360
