0.1	0
0.2	0.1904
0.3	0
0.4	0.8976
0.5	0.4896
0.6	0.544
0.7	0.5984
0.8	0.6528
0.9	0.68
1	0.6256
1.1	0.68
1.2	0.5984
1.3	0.6256
1.4	0.0272
1.5	1.6592
1.6	1.3328
1.7	1.224
1.8	1.2512
1.9	0.0544
2	2.584
2.1	1.3328
2.2	0.5712
2.3	2.3664
2.4	1.5232
2.5	1.2512
2.6	1.7408
2.7	1.4144
2.8	1.4416
2.9	1.4144
3	1.496
3.1	1.496
3.2	1.4688
3.3	1.496
3.4	1.5504
3.5	1.5232
3.6	1.5504
3.7	1.496
3.8	1.0336
3.9	2.0944
4	1.5232
4.1	1.5504
4.2	1.4688
4.3	0.7344
4.4	2.1488
4.5	1.4416
4.6	1.4688
4.7	0.9792
4.8	0.8432
4.9	1.768
5	2.1216
