0.1	0
0.2	0.1904
0.3	0
0.4	1.1424
0.5	0.7344
0.6	0.7344
0.7	0.8432
0.8	0.8704
0.9	0.8704
1	0.9248
1.1	0.2992
1.2	2.1216
1.3	1.496
1.4	1.5232
1.5	1.5232
1.6	1.5504
1.7	1.5504
1.8	1.5776
1.9	1.5232
2	1.6048
2.1	1.5776
2.2	1.5504
2.3	1.6592
2.4	1.6592
2.5	1.6592
2.6	1.632
2.7	1.6864
2.8	1.7136
2.9	1.7136
3	1.7408
3.1	1.7136
3.2	0.0272
3.3	2.7472
3.4	1.9856
3.5	1.7136
3.6	1.7136
3.7	1.2512
3.8	0.7344
3.9	2.7472
4	1.5232
4.1	1.5504
4.2	0.1904
4.3	2.7472
4.4	1.4416
4.5	1.4688
4.6	1.496
4.7	1.0064
4.8	1.36
4.9	1.9856
5	1.4416
