0.1	0
0.2	0.1904
0.3	0
0.4	0.5712
0.5	0.136
0.6	0.1904
0.7	0.2176
0.8	0.1632
0.9	0.3264
1	0.272
1.1	0.2176
1.2	0.2176
1.3	0.2448
1.4	0.272
1.5	0.2448
1.6	0.272
1.7	0.272
1.8	0.2992
1.9	0.3536
2	0.4624
2.1	0.3808
2.2	0.4896
2.3	0.4624
2.4	0.3536
2.5	0
2.6	0.544
2.7	0.136
2.8	0.1904
2.9	0.1632
3	0.1904
3.1	0.2176
3.2	0.2448
3.3	0.3264
3.4	0.2448
3.5	0.272
3.6	0.3808
3.7	0.2992
3.8	0.272
3.9	0.2992
4	0.3264
4.1	0.3536
4.2	0.3264
4.3	0.3536
4.4	0.3808
4.5	0.0816
4.6	0.5712
4.7	0.2448
4.8	0.1632
4.9	0.1632
5	0.1904
